
time	altitude	velocity	accel_bias	alt (bmp)	vert_accel	
     0.0	518.9187	 0.0027	-0.0000	 518.9478	 0.0311	
     0.1	518.9200	 0.0052	-0.0000	 518.9122	 0.0198	
     0.2	518.9211	 0.0066	-0.0000	 518.9721	 0.0061	
     0.3	518.9232	 0.0072	-0.0000	 519.0018	 0.0001	
     0.4	518.9258	 0.0078	-0.0000	 518.9368	 0.0091	
     0.5	518.9270	 0.0091	-0.0000	 518.9515	 0.0109	
     0.6	518.9286	 0.0099	-0.0000	 518.9662	 0.0030	
     0.7	518.9306	 0.0100	-0.0001	 518.9963	-0.0012	
     0.8	518.9332	 0.0101	-0.0001	 518.9816	-0.0007	
     0.9	518.9354	 0.0102	-0.0001	 518.9662	-0.0019	
     1.0	518.9369	 0.0097	-0.0001	 518.9515	-0.0022	
     1.1	518.9380	 0.0092	-0.0001	 518.8890	-0.0014	
     1.2	518.9375	 0.0091	-0.0001	 518.8743	 0.0043	
     1.3	518.9370	 0.0090	-0.0001	 518.8743	-0.0016	
     1.4	518.9363	 0.0088	-0.0000	 518.8743	-0.0001	
     1.5	518.9356	 0.0083	-0.0000	 518.8743	 0.0021	
     1.6	518.9349	 0.0089	-0.0000	 518.8743	 0.0012	
     1.7	518.9345	 0.0091	-0.0000	 518.8890	 0.0055	
     1.8	518.9347	 0.0092	-0.0000	 518.9191	-0.0011	
     1.9	518.9352	 0.0093	-0.0000	 518.9191	 0.0021	
     2.0	518.9347	 0.0096	 0.0000	 518.8838	 0.0070	
     2.1	518.9344	 0.0106	 0.0000	 518.8838	 0.0086	
     2.2	518.9349	 0.0106	 0.0000	 518.9283	 0.0016	
     2.3	518.9358	 0.0111	 0.0000	 518.9283	 0.0044	
     2.4	518.9368	 0.0121	 0.0000	 518.9105	 0.0112	
     2.5	518.9378	 0.0132	 0.0000	 518.9403	 0.0079	
     2.6	518.9399	 0.0137	 0.0000	 518.9850	 0.0053	
     2.7	518.9422	 0.0145	 0.0000	 518.9823	 0.0013	
     2.8	518.9451	 0.0148	 0.0000	 519.0121	 0.0058	
     2.9	518.9481	 0.0155	-0.0000	 518.9765	 0.0072	
     3.0	518.9509	 0.0167	-0.0000	 519.0066	 0.0126	
     3.1	518.9541	 0.0182	-0.0000	 518.9885	 0.0195	
     3.2	518.9573	 0.0191	-0.0000	 519.0186	 0.0029	
     3.3	518.9613	 0.0200	-0.0001	 519.0633	 0.0112	
     3.4	518.9656	 0.0211	-0.0001	 519.0603	 0.0081	
     3.5	518.9705	 0.0216	-0.0001	 519.0904	-0.0033	
     3.6	518.9756	 0.0223	-0.0001	 519.0401	 0.0031	
     3.7	518.9795	 0.0236	-0.0001	 519.0401	 0.0181	
     3.8	518.9828	 0.0239	-0.0001	 519.0220	-0.0027	
     3.9	518.9866	 0.0247	-0.0001	 519.0521	 0.0053	
     4.0	518.9905	 0.0253	-0.0002	 519.0168	 0.0027	
     4.1	518.9942	 0.0264	-0.0002	 519.0315	 0.0094	
     4.2	518.9968	 0.0278	-0.0002	 518.9963	 0.0117	
     4.3	518.9998	 0.0286	-0.0002	 519.0114	 0.0021	
     4.4	519.0029	 0.0292	-0.0002	 518.9960	 0.0079	
     4.5	519.0055	 0.0300	-0.0002	 518.9813	 0.0115	
     4.6	519.0080	 0.0302	-0.0002	 518.9813	 0.0044	
     4.7	519.0087	 0.0303	-0.0001	 518.9163	 0.0072	
     4.8	519.0096	 0.0305	-0.0001	 518.9461	 0.0010	
     4.9	519.0102	 0.0298	-0.0001	 518.8661	-0.0093	
     5.0	519.0097	 0.0292	-0.0001	 518.8958	 0.0034	
     5.1	519.0100	 0.0292	-0.0001	 518.9259	 0.0086	
     5.2	519.0112	 0.0301	-0.0000	 518.9553	 0.0136	
     5.3	519.0130	 0.0312	-0.0000	 518.9854	 0.0135	
     5.4	519.0150	 0.0316	-0.0000	 518.9676	-0.0032	
     5.5	519.0170	 0.0307	-0.0000	 518.9823	-0.0080	
     5.6	519.0197	 0.0310	-0.0000	 519.0124	 0.0064	
     5.7	519.0231	 0.0319	-0.0000	 519.0572	 0.0079	
     5.8	519.0264	 0.0325	-0.0000	 519.0244	 0.0024	
     5.9	519.0297	 0.0333	-0.0000	 519.0391	 0.0086	
     6.0	519.0334	 0.0338	-0.0000	 519.0391	 0.0036	
     6.1	519.0361	 0.0343	-0.0000	 518.9765	-0.0020	
     6.2	519.0383	 0.0343	 0.0000	 519.0062	 0.0016	
     6.3	519.0409	 0.0341	 0.0000	 519.0062	-0.0049	
     6.4	519.0420	 0.0341	 0.0000	 518.9115	 0.0128	
     6.5	519.0419	 0.0346	 0.0001	 518.8965	 0.0002	
     6.6	519.0415	 0.0345	 0.0001	 518.8965	 0.0122	
     6.7	519.0413	 0.0355	 0.0001	 518.8965	 0.0154	
     6.8	519.0412	 0.0369	 0.0001	 518.8466	 0.0195	
     6.9	519.0406	 0.0377	 0.0002	 518.8763	 0.0138	
     7.0	519.0406	 0.0381	 0.0002	 518.9061	 0.0065	
     7.1	519.0406	 0.0384	 0.0002	 518.8288	 0.0067	
     7.2	519.0394	 0.0383	 0.0003	 518.8435	 0.0097	
     7.3	519.0384	 0.0389	 0.0003	 518.8585	 0.0087	
     7.4	519.0378	 0.0391	 0.0004	 518.8408	 0.0077	
     7.5	519.0373	 0.0394	 0.0004	 518.8855	 0.0099	
     7.6	519.0375	 0.0401	 0.0004	 518.9002	 0.0153	
     7.7	519.0379	 0.0406	 0.0004	 518.8503	 0.0019	
     7.8	519.0374	 0.0398	 0.0005	 518.8503	-0.0052	
     7.9	519.0369	 0.0389	 0.0005	 518.8650	 0.0061	
     8.0	519.0368	 0.0383	 0.0006	 518.8801	 0.0036	
     8.1	519.0373	 0.0391	 0.0006	 518.9098	 0.0178	
     8.2	519.0369	 0.0398	 0.0006	 518.8623	 0.0126	
     8.3	519.0365	 0.0402	 0.0007	 518.8623	 0.0140	
     8.4	519.0364	 0.0408	 0.0007	 518.8770	 0.0125	
     8.5	519.0372	 0.0418	 0.0007	 518.9071	 0.0164	
     8.6	519.0387	 0.0423	 0.0007	 518.9515	 0.0065	
     8.7	519.0409	 0.0421	 0.0007	 518.9666	 0.0005	
     8.8	519.0431	 0.0423	 0.0008	 518.9314	 0.0133	
     8.9	519.0451	 0.0433	 0.0008	 518.9758	 0.0171	
     9.0	519.0477	 0.0443	 0.0008	 518.9758	 0.0127	
     9.1	519.0505	 0.0450	 0.0008	 518.9912	 0.0082	
     9.2	519.0526	 0.0454	 0.0008	 518.9461	 0.0100	
     9.3	519.0550	 0.0462	 0.0008	 518.9755	 0.0067	
     9.4	519.0577	 0.0458	 0.0009	 518.9755	-0.0151	
     9.5	519.0603	 0.0476	 0.0009	 518.9755	 0.0313	
     9.6	519.0637	 0.0496	 0.0009	 519.0056	 0.0229	
     9.7	519.0676	 0.0512	 0.0009	 519.0654	 0.0136	
     9.8	519.0721	 0.0523	 0.0009	 519.0206	 0.0061	
     9.9	519.0756	 0.0526	 0.0009	 518.9611	 0.0085	
    10.0	519.0781	 0.0540	 0.0009	 518.9611	-0.0361	
    10.1	519.0797	 0.0550	 0.0010	 518.9009	 0.0829	
    10.2	519.0807	 0.0575	 0.0010	 518.8862	 0.0345	
    10.3	519.0817	 0.0611	 0.0011	 518.8862	 0.0276	
    10.4	519.0832	 0.0622	 0.0011	 518.9160	 0.0079	
    10.5	519.0852	 0.0622	 0.0011	 518.9310	 0.0085	
    10.6	519.0875	 0.0619	 0.0012	 518.9310	-0.0007	
    10.7	519.0896	 0.0616	 0.0012	 518.9310	 0.0074	
    10.8	519.0913	 0.0615	 0.0012	 518.8510	-0.0009	
    10.9	519.0916	 0.0599	 0.0013	 518.8657	-0.0055	
    11.0	519.0918	 0.0590	 0.0013	 518.8510	 0.0016	
    11.1	519.0919	 0.0587	 0.0014	 518.8811	 0.0118	
    11.2	519.0920	 0.0586	 0.0014	 518.8158	 0.0061	
    11.3	519.0913	 0.0588	 0.0015	 518.8606	 0.0126	
    11.4	519.0916	 0.0584	 0.0015	 518.8753	-0.0023	
    11.5	519.0921	 0.0576	 0.0015	 518.8903	 0.0039	
    11.6	519.0929	 0.0574	 0.0016	 518.9054	 0.0073	
    11.7	519.0941	 0.0574	 0.0016	 518.9351	 0.0052	
    11.8	519.0956	 0.0574	 0.0017	 518.9351	 0.0089	
    11.9	519.0973	 0.0572	 0.0017	 518.9351	 0.0000	
    12.0	519.0987	 0.0566	 0.0017	 518.9351	-0.0039	
    12.1	519.1001	 0.0564	 0.0018	 518.9351	 0.0104	
    12.2	519.1015	 0.0570	 0.0018	 518.9351	 0.0091	
    12.3	519.1037	 0.0569	 0.0018	 518.9799	 0.0060	
    12.4	519.1057	 0.0567	 0.0019	 518.9351	 0.0054	
    12.5	519.1069	 0.0564	 0.0019	 518.9054	 0.0098	
    12.6	519.1071	 0.0566	 0.0019	 518.8903	 0.0094	
    12.7	519.1072	 0.0567	 0.0020	 518.8903	-0.0136	
    12.8	519.1085	 0.0826	 0.0020	 518.8903	 0.2704	
    12.9	519.1118	 0.0896	 0.0021	 518.8903	-0.0806	
    13.0	519.1148	 0.0853	 0.0021	 518.8753	-0.0033	
    13.1	519.1171	 0.0831	 0.0022	 518.8753	-0.0185	
    13.2	519.1197	 0.0820	 0.0022	 518.8903	 0.0083	
    13.3	519.1226	 0.0818	 0.0022	 518.9351	 0.0147	
    13.4	519.1259	 0.0817	 0.0023	 518.9026	 0.0058	
    13.5	519.1284	 0.0813	 0.0023	 518.9026	 0.0089	
    13.6	519.1316	 0.0816	 0.0024	 518.9471	 0.0047	
    13.7	519.1351	 0.0814	 0.0024	 518.9119	 0.0162	
    13.8	519.1381	 0.0826	 0.0025	 518.9416	 0.0165	
    13.9	519.1405	 0.0832	 0.0025	 518.9088	 0.0148	
    14.0	519.1436	 0.0839	 0.0025	 518.9389	 0.0166	
    14.1	519.1456	 0.0840	 0.0026	 518.8914	 0.0020	
    14.2	519.1476	 0.0834	 0.0026	 518.8914	 0.0109	
    14.3	519.1481	 0.0829	 0.0027	 518.8411	 0.0050	
    14.4	519.1489	 0.0823	 0.0028	 518.8558	 0.0115	
    14.5	519.1493	 0.0826	 0.0028	 518.8507	 0.0235	
    14.6	519.1509	 0.0831	 0.0029	 518.8955	 0.0091	
    14.7	519.1527	 0.0835	 0.0029	 518.9098	 0.0192	
    14.8	519.1549	 0.0843	 0.0030	 518.8298	 0.0082	
    14.9	519.1553	 0.0844	 0.0031	 518.8449	 0.0177	
    15.0	519.1561	 0.0847	 0.0031	 518.8449	 0.0234	
    15.1	519.1568	 0.0856	 0.0032	 518.7973	 0.0194	
    15.2	519.1563	 0.0862	 0.0033	 518.8120	 0.0194	
    15.3	519.1565	 0.0871	 0.0033	 518.8271	 0.0226	
    15.4	519.1563	 0.0872	 0.0034	 518.7919	 0.0182	
    15.5	519.1562	 0.0874	 0.0035	 518.8216	 0.0197	
    15.6	519.1568	 0.0874	 0.0035	 518.8514	 0.0130	
    15.7	519.1574	 0.0878	 0.0036	 518.8312	 0.0169	
    15.8	519.1582	 0.0879	 0.0037	 518.8609	 0.0135	
    15.9	519.1594	 0.0879	 0.0037	 518.8161	 0.0066	
    16.0	519.1595	 0.0872	 0.0038	 518.8161	 0.0161	
    16.1	519.1596	 0.0869	 0.0039	 518.8455	 0.0058	
    16.2	519.1593	 0.0863	 0.0039	 518.7809	 0.0128	
    16.3	519.1585	 0.0855	 0.0040	 518.8103	 0.0010	
    16.4	519.1583	 0.0845	 0.0041	 518.7751	 0.0084	
    16.5	519.1577	 0.0839	 0.0041	 518.8346	 0.0103	
    16.6	519.1584	 0.0831	 0.0042	 518.8797	-0.0002	
    16.7	519.1601	 0.0828	 0.0043	 518.9245	 0.0140	
    16.8	519.1627	 0.0830	 0.0043	 518.9392	 0.0151	
    16.9	519.1657	 0.0837	 0.0043	 518.9693	 0.0189	
    17.0	519.1680	 0.0841	 0.0044	 518.9064	 0.0082	
    17.1	519.1701	 0.0834	 0.0044	 518.9365	 0.0050	
    17.2	519.1728	 0.0831	 0.0045	 518.9365	 0.0140	
    17.3	519.1754	 0.0833	 0.0045	 518.9365	 0.0152	
    17.4	519.1773	 0.0829	 0.0046	 518.9064	 0.0139	
    17.5	519.1782	 0.0831	 0.0046	 518.8767	 0.0173	
    17.6	519.1788	 0.0824	 0.0047	 518.8767	 0.0016	
    17.7	519.1793	 0.0818	 0.0048	 518.8620	 0.0130	
    17.8	519.1795	 0.0816	 0.0048	 518.8620	 0.0122	
    17.9	519.1796	 0.0809	 0.0049	 518.8620	-0.0046	
    18.0	519.1796	 0.0796	 0.0050	 518.8620	 0.0048	
    18.1	519.1795	 0.0784	 0.0050	 518.8620	 0.0015	
    18.2	519.1800	 0.0776	 0.0051	 518.8917	 0.0183	
    18.3	519.1796	 0.0779	 0.0052	 518.8592	 0.0148	
    18.4	519.1793	 0.0782	 0.0052	 518.8592	 0.0195	
    18.5	519.1786	 0.0781	 0.0053	 518.8291	 0.0095	
    18.6	519.1764	 0.0770	 0.0054	 518.7666	 0.0014	
    18.7	519.1737	 0.0766	 0.0054	 518.7666	 0.0200	
    18.8	519.1716	 0.0761	 0.0055	 518.7963	 0.0130	
    18.9	519.1706	 0.0760	 0.0056	 518.8411	 0.0138	
    19.0	519.1707	 0.0757	 0.0057	 518.8859	 0.0079	
    19.1	519.1704	 0.0749	 0.0057	 518.8209	 0.0092	
    19.2	519.1692	 0.0742	 0.0058	 518.8209	 0.0208	
    19.3	519.1680	 0.0734	 0.0059	 518.8209	 0.0019	
    19.4	519.1659	 0.0726	 0.0059	 518.8004	 0.0129	
    19.5	519.1647	 0.0725	 0.0060	 518.8452	 0.0100	
    19.6	519.1643	 0.0716	 0.0061	 518.8749	 0.0070	
    19.7	519.1632	 0.0710	 0.0061	 518.8449	 0.0085	
    19.8	519.1625	 0.0704	 0.0062	 518.8599	 0.0011	
    19.9	519.1621	 0.0693	 0.0062	 518.8746	 0.0033	
    20.0	519.1617	 0.0683	 0.0063	 518.8096	 0.0006	
    20.1	519.1596	 0.0667	 0.0064	 518.8247	 0.0077	
    20.2	519.1578	 0.0662	 0.0064	 518.8247	 0.0133	
    20.3	519.1564	 0.0660	 0.0065	 518.8842	 0.0142	
    20.4	519.1566	 0.0659	 0.0066	 518.9437	 0.0128	
    20.5	519.1581	 0.0654	 0.0066	 518.9885	 0.0017	
    20.6	519.1602	 0.0646	 0.0066	 518.9885	 0.0069	
    20.7	519.1628	 0.0647	 0.0067	 519.0182	 0.0120	
    20.8	519.1660	 0.0643	 0.0067	 519.0483	 0.0003	
    20.9	519.1693	 0.0636	 0.0067	 519.0182	 0.0086	
    21.0	519.1715	 0.0632	 0.0068	 519.0035	 0.0091	
    21.1	519.1745	 0.0634	 0.0068	 519.0534	 0.0126	
    21.2	519.1773	 0.0631	 0.0068	 519.0240	 0.0035	
    21.3	519.1798	 0.0626	 0.0068	 519.0688	 0.0062	
    21.4	519.1832	 0.0620	 0.0069	 519.0688	-0.0051	
    21.5	519.1865	 0.0603	 0.0069	 519.1341	-0.0039	
    21.6	519.1916	 0.0601	 0.0069	 519.1635	 0.0113	
    21.7	519.1966	 0.0603	 0.0069	 519.1488	 0.0071	
    21.8	519.2016	 0.0600	 0.0069	 519.1635	 0.0088	
    21.9	519.2065	 0.0601	 0.0069	 519.1488	 0.0115	
    22.0	519.2107	 0.0599	 0.0069	 519.1187	 0.0055	
    22.1	519.2143	 0.0595	 0.0070	 519.1187	 0.0027	
    22.2	519.2177	 0.0588	 0.0070	 519.1040	-0.0042	
    22.3	519.2214	 0.0576	 0.0070	 519.1841	 0.0021	
    22.4	519.2261	 0.0570	 0.0070	 519.1690	 0.0038	
    22.5	519.2305	 0.0571	 0.0070	 519.1690	 0.0080	
    22.6	519.2346	 0.0574	 0.0070	 519.1690	 0.0174	
    22.7	519.2385	 0.0577	 0.0070	 519.1540	 0.0071	
    22.8	519.2425	 0.0573	 0.0071	 519.1540	 0.0059	
    22.9	519.2456	 0.0571	 0.0071	 519.1393	 0.0039	
    23.0	519.2491	 0.0565	 0.0071	 519.1841	 0.0047	
    23.1	519.2532	 0.0561	 0.0071	 519.1991	 0.0053	
    23.2	519.2577	 0.0563	 0.0071	 519.2138	 0.0131	
    23.3	519.2625	 0.0563	 0.0071	 519.2285	 0.0063	
    23.4	519.2666	 0.0568	 0.0071	 519.1635	 0.0169	
    23.5	519.2697	 0.0571	 0.0072	 519.1635	 0.0159	
    23.6	519.2725	 0.0573	 0.0072	 519.1635	 0.0123	
    23.7	519.2745	 0.0574	 0.0072	 519.1283	 0.0114	
    23.8	519.2767	 0.0575	 0.0072	 519.1283	 0.0117	
    23.9	519.2774	 0.0566	 0.0073	 519.0835	-0.0021	
    24.0	519.2785	 0.0553	 0.0073	 519.0982	-0.0016	
    24.1	519.2790	 0.0538	 0.0074	 519.0835	-0.0016	
    24.2	519.2788	 0.0528	 0.0074	 519.0182	 0.0049	
    24.3	519.2774	 0.0517	 0.0075	 519.0182	 0.0091	
    24.4	519.2772	 0.0508	 0.0075	 519.0685	 0.0017	
    24.5	519.2770	 0.0496	 0.0075	 519.0685	-0.0032	
    24.6	519.2763	 0.0480	 0.0076	 519.0387	 0.0006	
    24.7	519.2745	 0.0469	 0.0076	 519.0086	 0.0064	
    24.8	519.2733	 0.0454	 0.0077	 519.0391	-0.0039	
    24.9	519.2717	 0.0438	 0.0077	 519.0090	 0.0030	
    25.0	519.2694	 0.0424	 0.0078	 519.0893	-0.0038	
    25.1	519.2691	 0.0416	 0.0078	 519.0893	 0.0055	
    25.2	519.2687	 0.0407	 0.0079	 519.0893	 0.0120	
    25.3	519.2682	 0.0399	 0.0079	 519.0893	 0.0015	
    25.4	519.2677	 0.0390	 0.0079	 519.1540	 0.0130	
    25.5	519.2687	 0.0394	 0.0079	 519.1540	 0.0141	
    25.6	519.2696	 0.0396	 0.0080	 519.1540	 0.0061	
    25.7	519.2706	 0.0387	 0.0080	 519.1540	 0.0014	
    25.8	519.2713	 0.0382	 0.0080	 519.1393	 0.0092	
    25.9	519.2718	 0.0380	 0.0080	 519.1690	 0.0120	
    26.0	519.2733	 0.0380	 0.0081	 519.1991	 0.0093	
    26.1	519.2752	 0.0378	 0.0081	 519.1991	 0.0103	
    26.2	519.2770	 0.0369	 0.0081	 519.2138	-0.0020	
    26.3	519.2792	 0.0355	 0.0081	 519.2285	 0.0018	
    26.4	519.2815	 0.0353	 0.0081	 519.2439	 0.0128	
    26.5	519.2841	 0.0366	 0.0081	 519.2439	 0.0240	
    26.6	519.2854	 0.0375	 0.0081	 519.1635	 0.0156	
    26.7	519.2858	 0.0378	 0.0082	 519.1341	 0.0130	
    26.8	519.2856	 0.0373	 0.0082	 519.1488	 0.0088	
    26.9	519.2859	 0.0368	 0.0082	 519.1488	 0.0103	
    27.0	519.2860	 0.0367	 0.0083	 519.1341	 0.0077	
    27.1	519.2861	 0.0363	 0.0083	 519.1841	 0.0084	
    27.2	519.2872	 0.0355	 0.0083	 519.1991	-0.0009	
    27.3	519.2885	 0.0344	 0.0083	 519.1991	 0.0010	
    27.4	519.2896	 0.0333	 0.0083	 519.1991	-0.0029	
    27.5	519.2903	 0.0325	 0.0084	 519.1841	 0.0032	
    27.6	519.2903	 0.0317	 0.0084	 519.0893	 0.0103	
    27.7	519.2880	 0.0308	 0.0084	 519.0592	 0.0080	
    27.8	519.2847	 0.0299	 0.0085	 519.0295	 0.0050	
    27.9	519.2812	 0.0292	 0.0085	 519.0148	 0.0095	
    28.0	519.2778	 0.0285	 0.0086	 519.0592	 0.0149	
    28.1	519.2747	 0.0278	 0.0086	 519.0090	 0.0070	
    28.2	519.2709	 0.0274	 0.0087	 519.0244	 0.0164	
    28.3	519.2674	 0.0267	 0.0087	 519.0391	 0.0102	
    28.4	519.2648	 0.0262	 0.0088	 519.0839	 0.0046	
    28.5	519.2631	 0.0254	 0.0088	 519.0986	 0.0109	
    28.6	519.2617	 0.0249	 0.0088	 519.1136	 0.0090	
    28.7	519.2597	 0.0241	 0.0089	 519.0387	 0.0047	
    28.8	519.2567	 0.0233	 0.0089	 519.0685	 0.0047	
    28.9	519.2543	 0.0222	 0.0090	 519.0685	 0.0076	
    29.0	519.2519	 0.0220	 0.0090	 519.0685	 0.0074	
    29.1	519.2496	 0.0214	 0.0090	 519.0835	 0.0052	
    29.2	519.2474	 0.0208	 0.0091	 519.0685	 0.0107	
    29.3	519.2452	 0.0203	 0.0091	 519.0835	 0.0071	
    29.4	519.2435	 0.0195	 0.0091	 519.0982	 0.0064	
    29.5	519.2412	 0.0183	 0.0092	 519.0483	-0.0036	
    29.6	519.2382	 0.0169	 0.0092	 519.0483	 0.0008	
    29.7	519.2343	 0.0159	 0.0092	 519.0182	 0.0045	
    29.8	519.2303	 0.0147	 0.0093	 519.0182	 0.0120	
    29.9	519.2268	 0.0142	 0.0093	 519.0483	 0.0065	
    30.0	519.2239	 0.0138	 0.0094	 519.0781	 0.0101	
    30.1	519.2210	 0.0132	 0.0094	 519.0428	 0.0031	
    30.2	519.2176	 0.0118	 0.0094	 519.0278	 0.0003	
    30.3	519.2138	 0.0105	 0.0095	 519.0278	 0.0048	
    30.4	519.2104	 0.0092	 0.0095	 519.0428	-0.0009	
    30.5	519.2070	 0.0085	 0.0095	 518.9806	 0.0140	
    30.6	519.2022	 0.0079	 0.0096	 518.9953	 0.0043	
    30.7	519.1976	 0.0068	 0.0096	 518.9953	 0.0044	
    30.8	519.1925	 0.0058	 0.0097	 518.9748	 0.0005	
    30.9	519.1879	 0.0050	 0.0097	 519.0049	 0.0126	
    31.0	519.1840	 0.0051	 0.0098	 519.0196	 0.0210	
    31.1	519.1798	 0.0054	 0.0098	 518.9868	 0.0102	
    31.2	519.1762	 0.0047	 0.0098	 519.0466	 0.0005	
    31.3	519.1734	 0.0038	 0.0098	 519.0288	 0.0043	
    31.4	519.1704	 0.0032	 0.0099	 519.0589	 0.0116	
    31.5	519.1682	 0.0028	 0.0099	 519.0736	 0.0135	
    31.6	519.1667	 0.0027	 0.0099	 519.1334	 0.0075	
    31.7	519.1663	 0.0035	 0.0099	 519.1129	 0.0229	
    31.8	519.1656	 0.0041	 0.0099	 519.1427	 0.0106	
    31.9	519.1652	 0.0041	 0.0099	 519.1276	 0.0067	
    32.0	519.1646	 0.0039	 0.0099	 519.1129	 0.0066	
    32.1	519.1638	 0.0044	 0.0099	 519.0951	 0.0177	
    32.2	519.1623	 0.0047	 0.0100	 519.0804	 0.0129	
    32.3	519.1603	 0.0058	 0.0100	 519.0504	 0.0244	
    32.4	519.1583	 0.0060	 0.0100	 519.0651	 0.0139	
    32.5	519.1565	 0.0051	 0.0100	 519.0651	-0.0026	
    32.6	519.1549	 0.0039	 0.0100	 519.0951	 0.0047	
    32.7	519.1526	 0.0031	 0.0101	 519.0476	 0.0027	
    32.8	519.1503	 0.0027	 0.0101	 519.0623	 0.0093	
    32.9	519.1484	 0.0022	 0.0101	 519.0623	 0.0122	
    33.0	519.1465	 0.0023	 0.0101	 519.0623	 0.0135	
    33.1	519.1447	 0.0017	 0.0101	 519.0770	 0.0073	
    33.2	519.1454	 0.0022	 0.0101	 519.1998	 0.0180	
    33.3	519.1476	 0.0028	 0.0101	 519.2145	 0.0059	
    33.4	519.1494	 0.0019	 0.0101	 519.1998	-0.0010	
    33.5	519.1504	 0.0017	 0.0101	 519.1697	 0.0084	
    33.6	519.1510	 0.0015	 0.0101	 519.1697	 0.0048	
    33.7	519.1514	 0.0012	 0.0101	 519.1697	 0.0045	
    33.8	519.1509	 0.0004	 0.0101	 519.0770	 0.0040	
    33.9	519.1487	-0.0003	 0.0101	 519.0623	 0.0140	
    34.0	519.1462	 0.0003	 0.0101	 519.0476	 0.0108	
    34.1	519.1441	 0.0006	 0.0101	 519.0623	 0.0209	
    34.2	519.1423	 0.0007	 0.0102	 519.0770	 0.0105	
    34.3	519.1407	 0.0013	 0.0102	 519.0770	 0.0162	
    34.4	519.1391	 0.0019	 0.0102	 519.0623	 0.0178	
    34.5	519.1373	 0.0020	 0.0102	 519.0476	 0.0109	
    34.6	519.1351	 0.0023	 0.0102	 519.0326	 0.0129	
    34.7	519.1320	 0.0014	 0.0102	 518.9679	 0.0061	
    34.8	519.1278	 0.0009	 0.0103	 518.9679	 0.0108	
    34.9	519.1252	 0.0007	 0.0103	 519.0421	 0.0131	
    35.0	519.1228	 0.0002	 0.0103	 519.0093	 0.0124	
    35.1	519.1201	-0.0001	 0.0103	 519.0394	 0.0098	
    35.2	519.1182	 0.0006	 0.0104	 518.9741	 0.0238	
    35.3	519.1143	 0.0004	 0.0104	 518.9741	 0.0095	
    35.4	519.1112	 0.0001	 0.0104	 519.0189	 0.0141	
    35.5	519.1091	-0.0001	 0.0104	 519.0285	 0.0195	
    35.6	519.1073	 0.0001	 0.0104	 519.0432	 0.0126	
    35.7	519.1058	 0.0006	 0.0105	 519.0432	 0.0195	
    35.8	519.1042	 0.0012	 0.0105	 519.0432	 0.0190	
    35.9	519.1029	 0.0015	 0.0105	 519.0432	 0.0135	
    36.0	519.1017	 0.0008	 0.0105	 519.0586	 0.0036	
    36.1	519.1007	 0.0003	 0.0105	 519.0432	 0.0077	
    36.2	519.0995	 0.0001	 0.0105	 519.0586	 0.0074	
    36.3	519.0987	-0.0003	 0.0105	 519.0733	 0.0081	
    36.4	519.0981	-0.0004	 0.0105	 519.1030	 0.0111	
    36.5	519.0984	-0.0003	 0.0105	 519.1181	 0.0096	
    36.6	519.0986	-0.0007	 0.0105	 519.1030	 0.0115	
    36.7	519.0986	-0.0004	 0.0105	 519.0880	 0.0134	
    36.8	519.0983	-0.0001	 0.0105	 519.0733	 0.0078	
    36.9	519.0976	-0.0001	 0.0105	 519.0733	 0.0105	
    37.0	519.0970	-0.0003	 0.0105	 519.0733	 0.0113	
    37.1	519.0958	-0.0001	 0.0105	 519.0285	 0.0088	
    37.2	519.0941	-0.0004	 0.0106	 519.0285	 0.0099	
    37.3	519.0921	-0.0004	 0.0106	 519.0138	 0.0127	
    37.4	519.0902	-0.0006	 0.0106	 519.0637	 0.0107	
    37.5	519.0893	-0.0007	 0.0106	 519.0637	 0.0065	
    37.6	519.0889	-0.0016	 0.0106	 519.0787	-0.0066	
    37.7	519.0881	-0.0022	 0.0106	 519.0637	 0.0061	
    37.8	519.0877	-0.0025	 0.0106	 519.0934	 0.0101	
    37.9	519.0878	-0.0024	 0.0106	 519.0733	 0.0118	
    38.0	519.0877	-0.0027	 0.0106	 519.1181	 0.0075	
    38.1	519.0883	-0.0028	 0.0106	 519.1331	 0.0103	
    38.2	519.0894	-0.0030	 0.0106	 519.1478	 0.0001	
    38.3	519.0892	-0.0039	 0.0106	 519.0729	 0.0018	
    38.4	519.0884	-0.0044	 0.0106	 519.0729	 0.0137	
    38.5	519.0879	-0.0037	 0.0106	 519.0876	 0.0193	
    38.6	519.0877	-0.0033	 0.0106	 519.0876	 0.0149	
    38.7	519.0865	-0.0033	 0.0106	 519.0524	 0.0048	
    38.8	519.0857	-0.0042	 0.0106	 519.0825	 0.0041	
    38.9	519.0855	-0.0047	 0.0106	 519.0972	 0.0155	
    39.0	519.0852	-0.0044	 0.0106	 519.0972	 0.0112	
    39.1	519.0847	-0.0042	 0.0106	 519.0825	 0.0091	
    39.2	519.0836	-0.0041	 0.0106	 519.0199	 0.0117	
    39.3	519.0819	-0.0038	 0.0106	 519.0678	 0.0172	
    39.4	519.0815	-0.0035	 0.0106	 519.0825	 0.0159	
    39.5	519.0798	-0.0029	 0.0106	 519.0199	 0.0224	
    39.6	519.0782	-0.0030	 0.0106	 519.0350	 0.0092	
    39.7	519.0768	-0.0032	 0.0106	 519.0350	 0.0120	
    39.8	519.0752	-0.0030	 0.0106	 519.0052	 0.0188	
    39.9	519.0730	-0.0029	 0.0107	 519.0377	 0.0103	
    40.0	519.0708	-0.0030	 0.0107	 518.9454	 0.0134	
    40.1	519.0678	-0.0036	 0.0107	 518.9779	 0.0072	
    40.2	519.0652	-0.0043	 0.0107	 518.9632	 0.0052	
    40.3	519.0620	-0.0053	 0.0107	 518.9632	 0.0066	
    40.4	519.0599	-0.0062	 0.0107	 519.0134	 0.0034	
    40.5	519.0579	-0.0066	 0.0108	 518.9984	 0.0105	
    40.6	519.0557	-0.0068	 0.0108	 518.9984	 0.0128	
    40.7	519.0534	-0.0073	 0.0108	 518.9833	 0.0089	
    40.8	519.0506	-0.0077	 0.0108	 518.9686	 0.0098	
    40.9	519.0486	-0.0085	 0.0108	 519.0285	 0.0043	
    41.0	519.0475	-0.0091	 0.0108	 519.0285	 0.0070	
    41.1	519.0456	-0.0098	 0.0108	 518.9987	-0.0024	
    41.2	519.0432	-0.0112	 0.0108	 518.9840	 0.0011	
    41.3	519.0406	-0.0123	 0.0108	 518.9840	 0.0037	
    41.4	519.0378	-0.0128	 0.0108	 518.9840	 0.0078	
    41.5	519.0355	-0.0127	 0.0109	 519.0138	 0.0200	
    41.6	519.0337	-0.0129	 0.0109	 519.0138	 0.0079	
    41.7	519.0319	-0.0136	 0.0109	 519.0285	 0.0001	
    41.8	519.0302	-0.0143	 0.0109	 518.9833	 0.0130	
    41.9	519.0280	-0.0136	 0.0109	 519.0134	 0.0264	
    42.0	519.0271	-0.0127	 0.0109	 519.0582	 0.0164	
    42.1	519.0267	-0.0127	 0.0109	 519.0729	 0.0080	
    42.2	519.0263	-0.0133	 0.0109	 519.0230	 0.0096	
    42.3	519.0248	-0.0133	 0.0109	 519.0080	 0.0136	
    42.4	519.0231	-0.0136	 0.0109	 519.0230	 0.0070	
    42.5	519.0223	-0.0135	 0.0109	 519.0524	 0.0156	
    42.6	519.0214	-0.0132	 0.0109	 518.9902	 0.0096	
    42.7	519.0194	-0.0135	 0.0109	 519.0052	 0.0135	
    42.8	519.0179	-0.0136	 0.0109	 519.0199	 0.0039	
    42.9	519.0166	-0.0139	 0.0109	 519.0199	 0.0046	
    43.0	519.0155	-0.0143	 0.0109	 519.0199	 0.0092	
    43.1	519.0128	-0.0148	 0.0109	 518.9399	 0.0021	
    43.2	519.0097	-0.0155	 0.0109	 518.9550	 0.0037	
    43.3	519.0072	-0.0156	 0.0109	 518.9847	 0.0090	
    43.4	519.0049	-0.0163	 0.0109	 518.9700	 0.0022	
    43.5	519.0025	-0.0166	 0.0109	 518.9847	 0.0130	
    43.6	519.0005	-0.0161	 0.0109	 518.9847	 0.0120	
    43.7	518.9987	-0.0165	 0.0109	 518.9847	 0.0093	
    43.8	518.9964	-0.0168	 0.0109	 518.9700	 0.0128	
    43.9	518.9941	-0.0165	 0.0109	 518.9700	 0.0101	
    44.0	518.9914	-0.0170	 0.0109	 518.9399	 0.0156	
    44.1	518.9874	-0.0170	 0.0109	 518.8927	 0.0140	
    44.2	518.9833	-0.0172	 0.0110	 518.8927	 0.0127	
    44.3	518.9794	-0.0173	 0.0110	 518.9074	 0.0144	
    44.4	518.9762	-0.0171	 0.0110	 518.9221	 0.0118	
    44.5	518.9744	-0.0169	 0.0110	 518.9820	 0.0094	
    44.6	518.9735	-0.0164	 0.0110	 519.0121	 0.0192	
    44.7	518.9725	-0.0155	 0.0110	 518.9642	 0.0170	
    44.8	518.9711	-0.0154	 0.0110	 519.0086	 0.0060	
    44.9	518.9707	-0.0153	 0.0110	 519.0240	 0.0100	
    45.0	518.9701	-0.0158	 0.0110	 519.0035	 0.0031	
    45.1	518.9695	-0.0161	 0.0109	 519.0182	 0.0088	
    45.2	518.9691	-0.0164	 0.0109	 519.0333	 0.0113	
    45.3	518.9684	-0.0167	 0.0109	 518.9833	 0.0076	
    45.4	518.9675	-0.0166	 0.0109	 519.0131	 0.0093	
    45.5	518.9677	-0.0171	 0.0109	 519.0726	 0.0021	
    45.6	518.9687	-0.0181	 0.0109	 519.0401	 0.0013	
    45.7	518.9686	-0.0184	 0.0109	 519.0401	 0.0014	
    45.8	518.9689	-0.0187	 0.0109	 519.0845	 0.0072	
    45.9	518.9702	-0.0188	 0.0108	 519.0999	 0.0043	
    46.0	518.9715	-0.0195	 0.0108	 519.1146	 0.0046	
    46.1	518.9730	-0.0188	 0.0108	 519.1146	 0.0105	
    46.2	518.9747	-0.0181	 0.0107	 519.1146	 0.0093	
    46.3	518.9765	-0.0179	 0.0107	 519.0999	 0.0096	
    46.4	518.9774	-0.0177	 0.0107	 519.0548	 0.0057	
    46.5	518.9776	-0.0180	 0.0107	 519.0548	 0.0048	
    46.6	518.9780	-0.0181	 0.0107	 519.0698	 0.0041	
    46.7	518.9787	-0.0181	 0.0106	 519.0845	 0.0123	
    46.8	518.9796	-0.0174	 0.0106	 519.0845	 0.0102	
    46.9	518.9802	-0.0172	 0.0106	 519.0548	 0.0104	
    47.0	518.9806	-0.0171	 0.0106	 519.0698	 0.0053	
    47.1	518.9812	-0.0172	 0.0106	 519.0698	 0.0089	
    47.2	518.9817	-0.0170	 0.0106	 519.0698	 0.0077	
    47.3	518.9816	-0.0166	 0.0105	 519.0251	 0.0080	
    47.4	518.9807	-0.0172	 0.0105	 518.9953	 0.0005	
    47.5	518.9793	-0.0177	 0.0105	 518.9953	 0.0130	
    47.6	518.9782	-0.0172	 0.0105	 519.0251	 0.0130	
    47.7	518.9778	-0.0171	 0.0105	 519.0548	 0.0091	
    47.8	518.9778	-0.0167	 0.0105	 519.0401	 0.0127	
    47.9	518.9781	-0.0163	 0.0105	 519.0698	 0.0152	
    48.0	518.9788	-0.0162	 0.0105	 519.0698	 0.0063	
    48.1	518.9796	-0.0167	 0.0104	 519.0698	-0.0003	
    48.2	518.9799	-0.0173	 0.0104	 519.0548	 0.0063	
    48.3	518.9801	-0.0177	 0.0104	 519.0548	 0.0049	
    48.4	518.9798	-0.0185	 0.0104	 519.0401	 0.0044	
    48.5	518.9795	-0.0189	 0.0104	 519.0401	 0.0119	
    48.6	518.9791	-0.0188	 0.0104	 519.0401	 0.0077	
    48.7	518.9787	-0.0189	 0.0104	 519.0251	 0.0013	
    48.8	518.9779	-0.0194	 0.0104	 519.0251	 0.0021	
    48.9	518.9773	-0.0199	 0.0103	 519.0401	 0.0025	
    49.0	518.9769	-0.0201	 0.0103	 519.0401	 0.0042	
    49.1	518.9764	-0.0204	 0.0103	 519.0401	 0.0096	
    49.2	518.9762	-0.0201	 0.0103	 519.0548	 0.0076	
    49.3	518.9756	-0.0200	 0.0103	 519.0073	 0.0052	
    49.4	518.9746	-0.0199	 0.0103	 519.0220	 0.0170	
    49.5	518.9737	-0.0192	 0.0103	 519.0220	 0.0167	
    49.6	518.9730	-0.0187	 0.0103	 519.0220	 0.0060	
    49.7	518.9727	-0.0192	 0.0103	 519.0521	 0.0037	
    49.8	518.9728	-0.0192	 0.0102	 519.0521	 0.0074	
    49.9	518.9736	-0.0195	 0.0102	 519.1266	 0.0081	
    50.0	518.9755	-0.0186	 0.0102	 519.1413	 0.0171	
    50.1	518.9780	-0.0178	 0.0102	 519.1413	 0.0056	
    50.2	518.9804	-0.0178	 0.0101	 519.1413	 0.0019	
    50.3	518.9826	-0.0176	 0.0101	 519.1567	 0.0072	
    50.4	518.9855	-0.0171	 0.0101	 519.1211	 0.0096	
    50.5	518.9872	-0.0156	 0.0100	 519.1211	 0.0382	
    50.6	518.9891	-0.0135	 0.0100	 519.1064	 0.0124	
    50.7	518.9907	-0.0125	 0.0100	 519.0914	 0.0174	
    50.8	518.9921	-0.0116	 0.0100	 519.0914	 0.0171	
    50.9	518.9935	-0.0109	 0.0099	 519.0763	 0.0145	
    51.0	518.9943	-0.0104	 0.0099	 519.0616	 0.0018	
    51.1	518.9949	-0.0109	 0.0099	 519.0616	 0.0101	
    51.2	518.9945	-0.0107	 0.0099	 518.9844	 0.0100	
    51.3	518.9932	-0.0108	 0.0099	 518.9693	 0.0072	
    51.4	518.9912	-0.0111	 0.0099	 518.9543	 0.0070	
    51.5	518.9891	-0.0114	 0.0099	 518.9396	 0.0078	
    51.6	518.9867	-0.0111	 0.0099	 518.9396	 0.0156	
    51.7	518.9848	-0.0109	 0.0099	 518.9693	 0.0086	
    51.8	518.9836	-0.0108	 0.0099	 518.9991	 0.0093	
    51.9	518.9830	-0.0105	 0.0099	 518.9789	 0.0108	
    52.0	518.9818	-0.0105	 0.0099	 518.9638	 0.0064	
    52.1	518.9802	-0.0102	 0.0099	 518.9491	 0.0180	
    52.2	518.9787	-0.0099	 0.0099	 518.9638	 0.0076	
    52.3	518.9774	-0.0099	 0.0099	 518.9638	 0.0121	
    52.4	518.9760	-0.0099	 0.0099	 518.9638	 0.0116	
    52.5	518.9744	-0.0105	 0.0100	 518.9491	-0.0035	
    52.6	518.9729	-0.0117	 0.0100	 518.9491	 0.0001	
    52.7	518.9710	-0.0122	 0.0100	 518.9341	 0.0138	
    52.8	518.9687	-0.0120	 0.0100	 518.9341	 0.0083	
    52.9	518.9663	-0.0122	 0.0100	 518.9191	 0.0115	
    53.0	518.9638	-0.0124	 0.0100	 518.9044	 0.0075	
    53.1	518.9610	-0.0130	 0.0100	 518.8893	 0.0074	
    53.2	518.9579	-0.0131	 0.0100	 518.8893	 0.0132	
    53.3	518.9549	-0.0128	 0.0100	 518.8893	 0.0141	
    53.4	518.9523	-0.0129	 0.0100	 518.9341	 0.0172	
    53.5	518.9503	-0.0122	 0.0100	 518.9040	 0.0234	
    53.6	518.9480	-0.0121	 0.0101	 518.9040	 0.0143	
    53.7	518.9462	-0.0124	 0.0101	 518.9488	 0.0028	
    53.8	518.9458	-0.0125	 0.0100	 518.9936	 0.0118	
    53.9	518.9456	-0.0123	 0.0100	 518.9584	 0.0078	
    54.0	518.9449	-0.0119	 0.0100	 518.9731	 0.0067	
    54.1	518.9446	-0.0114	 0.0100	 518.9878	 0.0172	
    54.2	518.9434	-0.0110	 0.0100	 518.9382	 0.0136	
    54.3	518.9424	-0.0109	 0.0100	 518.9382	 0.0091	
    54.4	518.9413	-0.0115	 0.0100	 518.9529	 0.0065	
    54.5	518.9391	-0.0119	 0.0100	 518.9054	 0.0055	
    54.6	518.9379	-0.0109	 0.0100	 518.9351	 0.0266	
    54.7	518.9371	-0.0103	 0.0100	 518.9502	 0.0130	
    54.8	518.9361	-0.0095	 0.0100	 518.9351	 0.0210	
    54.9	518.9347	-0.0090	 0.0100	 518.9502	 0.0137	
    55.0	518.9340	-0.0094	 0.0100	 518.9351	 0.0035	
    55.1	518.9329	-0.0101	 0.0100	 518.9201	 0.0059	
    55.2	518.9314	-0.0102	 0.0100	 518.9054	 0.0074	
    55.3	518.9295	-0.0107	 0.0100	 518.9529	 0.0014	
    55.4	518.9292	-0.0113	 0.0100	 518.9827	 0.0059	
    55.5	518.9292	-0.0115	 0.0100	 518.9679	 0.0073	
    55.6	518.9286	-0.0121	 0.0100	 518.9228	 0.0021	
    55.7	518.9271	-0.0128	 0.0100	 518.9731	 0.0079	
    55.8	518.9270	-0.0129	 0.0100	 518.9731	 0.0101	
    55.9	518.9268	-0.0130	 0.0100	 518.9731	 0.0010	
    56.0	518.9266	-0.0133	 0.0100	 518.9584	 0.0091	
    56.1	518.9261	-0.0136	 0.0100	 518.9584	 0.0065	
    56.2	518.9253	-0.0136	 0.0100	 518.9433	 0.0076	
    56.3	518.9240	-0.0135	 0.0100	 518.9136	 0.0122	
    56.4	518.9224	-0.0137	 0.0100	 518.9283	-0.0003	
    56.5	518.9213	-0.0146	 0.0100	 518.9584	 0.0008	
    56.6	518.9210	-0.0147	 0.0100	 518.9731	 0.0093	
    56.7	518.9211	-0.0142	 0.0100	 518.9878	 0.0154	
    56.8	518.9215	-0.0140	 0.0100	 519.0179	 0.0083	
    56.9	518.9221	-0.0141	 0.0099	 518.9228	 0.0125	
    57.0	518.9206	-0.0134	 0.0099	 518.9081	 0.0188	
    57.1	518.9185	-0.0133	 0.0099	 518.8784	 0.0119	
    57.2	518.9163	-0.0127	 0.0100	 518.8934	 0.0202	
    57.3	518.9143	-0.0118	 0.0100	 518.8455	 0.0170	
    57.4	518.9113	-0.0113	 0.0100	 518.8455	 0.0173	
    57.5	518.9086	-0.0114	 0.0100	 518.8606	 0.0034	
    57.6	518.9067	-0.0120	 0.0100	 518.8903	 0.0057	
    57.7	518.9053	-0.0117	 0.0100	 518.9201	 0.0137	
    57.8	518.9048	-0.0112	 0.0100	 518.9351	 0.0142	
    57.9	518.9044	-0.0112	 0.0100	 518.9351	 0.0071	
    58.0	518.9042	-0.0119	 0.0100	 518.9502	 0.0051	
    58.1	518.9044	-0.0122	 0.0100	 518.9946	 0.0067	
    58.2	518.9059	-0.0124	 0.0099	 519.0247	 0.0003	
    58.3	518.9077	-0.0127	 0.0099	 519.0394	 0.0049	
    58.4	518.9094	-0.0131	 0.0099	 519.0097	-0.0035	
    58.5	518.9102	-0.0137	 0.0099	 518.9946	 0.0033	
    58.6	518.9110	-0.0137	 0.0099	 518.9946	 0.0084	
    58.7	518.9120	-0.0144	 0.0098	 519.0097	-0.0004	
    58.8	518.9136	-0.0154	 0.0098	 519.0394	 0.0016	
    58.9	518.9156	-0.0152	 0.0098	 519.0695	 0.0124	
    59.0	518.9186	-0.0143	 0.0098	 519.0989	 0.0176	
    59.1	518.9201	-0.0137	 0.0097	 519.0343	 0.0094	
    59.2	518.9218	-0.0128	 0.0097	 519.0490	 0.0173	
    59.3	518.9237	-0.0113	 0.0097	 519.0637	 0.0240	
    59.4	518.9265	-0.0099	 0.0096	 519.0791	 0.0183	
    59.5	518.9290	-0.0086	 0.0096	 519.0490	 0.0185	
    59.6	518.9301	-0.0079	 0.0096	 518.9717	 0.0085	
    59.7	518.9311	-0.0081	 0.0096	 518.9891	 0.0072	
    59.8	518.9316	-0.0082	 0.0096	 518.9744	 0.0066	
    59.9	518.9308	-0.0084	 0.0096	 518.9297	 0.0065	
    60.0	518.9293	-0.0091	 0.0096	 518.8852	-0.0017	
    60.1	518.9281	-0.0100	 0.0096	 518.9502	 0.0044	
    60.2	518.9276	-0.0106	 0.0096	 518.9201	 0.0040	
    60.3	518.9264	-0.0112	 0.0096	 518.9201	 0.0036	
    60.4	518.9252	-0.0116	 0.0096	 518.9502	 0.0108	
    60.5	518.9248	-0.0111	 0.0096	 518.9502	 0.0134	
    60.6	518.9243	-0.0109	 0.0096	 518.9649	 0.0033	
    60.7	518.9243	-0.0115	 0.0096	 518.9799	 0.0002	
    60.8	518.9246	-0.0114	 0.0096	 518.9297	 0.0157	
    60.9	518.9238	-0.0114	 0.0095	 518.9597	 0.0096	
    61.0	518.9234	-0.0109	 0.0095	 518.9444	 0.0146	
    61.1	518.9229	-0.0102	 0.0095	 518.9597	 0.0147	
    61.2	518.9219	-0.0098	 0.0095	 518.8972	 0.0138	
    61.3	518.9206	-0.0098	 0.0095	 518.9269	 0.0116	
    61.4	518.9193	-0.0101	 0.0095	 518.8643	 0.0029	
    61.5	518.9174	-0.0104	 0.0096	 518.8944	 0.0072	
    61.6	518.9161	-0.0105	 0.0096	 518.9242	 0.0069	
    61.7	518.9145	-0.0101	 0.0096	 518.8886	 0.0212	
    61.8	518.9130	-0.0091	 0.0096	 518.9040	 0.0220	
    61.9	518.9119	-0.0091	 0.0096	 518.9187	 0.0020	
    62.0	518.9115	-0.0095	 0.0096	 518.9485	 0.0105	
    62.1	518.9105	-0.0093	 0.0096	 518.9009	 0.0104	
    62.2	518.9097	-0.0092	 0.0096	 518.9307	 0.0094	
    62.3	518.9096	-0.0094	 0.0096	 518.9608	 0.0103	
    62.4	518.9100	-0.0087	 0.0095	 518.9608	 0.0156	
    62.5	518.9108	-0.0085	 0.0095	 518.9905	 0.0089	
    62.6	518.9117	-0.0087	 0.0095	 518.9755	 0.0015	
    62.7	518.9123	-0.0091	 0.0095	 518.9608	 0.0037	
    62.8	518.9126	-0.0091	 0.0095	 518.9608	 0.0062	
    62.9	518.9134	-0.0084	 0.0095	 519.0233	 0.0201	
    63.0	518.9155	-0.0073	 0.0095	 519.0233	 0.0157	
    63.1	518.9172	-0.0066	 0.0094	 518.9782	 0.0068	
    63.2	518.9181	-0.0064	 0.0094	 518.9782	 0.0072	
    63.3	518.9190	-0.0064	 0.0094	 518.9782	 0.0080	
    63.4	518.9192	-0.0060	 0.0094	 518.9485	 0.0144	
    63.5	518.9198	-0.0058	 0.0094	 518.9782	 0.0134	
    63.6	518.9206	-0.0047	 0.0094	 518.9635	 0.0163	
    63.7	518.9206	-0.0038	 0.0094	 518.9334	 0.0165	
    63.8	518.9203	-0.0030	 0.0094	 518.9187	 0.0177	
    63.9	518.9197	-0.0028	 0.0094	 518.8886	 0.0071	
    64.0	518.9186	-0.0036	 0.0094	 518.8886	-0.0067	
    64.1	518.9174	-0.0051	 0.0094	 518.8886	-0.0009	
    64.2	518.9163	-0.0064	 0.0094	 518.9040	 0.0021	
    64.3	518.9156	-0.0071	 0.0094	 518.9539	 0.0006	
    64.4	518.9159	-0.0079	 0.0094	 518.9539	-0.0023	
    64.5	518.9160	-0.0089	 0.0094	 518.9539	-0.0043	
    64.6	518.9158	-0.0101	 0.0094	 518.9389	-0.0032	
    64.7	518.9150	-0.0112	 0.0094	 518.9091	-0.0010	
    64.8	518.9141	-0.0119	 0.0094	 518.9570	 0.0094	
    64.9	518.9134	-0.0122	 0.0094	 518.9119	-0.0008	
    65.0	518.9121	-0.0131	 0.0094	 518.8972	 0.0064	
    65.1	518.9104	-0.0127	 0.0094	 518.8972	 0.0146	
    65.2	518.9089	-0.0126	 0.0094	 518.8972	 0.0131	
    65.3	518.9073	-0.0125	 0.0094	 518.9119	 0.0061	
    65.4	518.9062	-0.0128	 0.0094	 518.9269	 0.0014	
    65.5	518.9047	-0.0142	 0.0094	 518.8790	-0.0047	
    65.6	518.9030	-0.0148	 0.0094	 518.9091	 0.0066	
    65.7	518.9021	-0.0152	 0.0094	 518.9539	 0.0059	
    65.8	518.9021	-0.0156	 0.0094	 518.9837	 0.0114	
    65.9	518.9026	-0.0157	 0.0093	 518.9837	 0.0012	
    66.0	518.9021	-0.0160	 0.0093	 518.9040	 0.0055	
    66.1	518.9005	-0.0163	 0.0093	 518.8886	 0.0057	
    66.2	518.8986	-0.0165	 0.0093	 518.9040	 0.0140	
    66.3	518.8974	-0.0159	 0.0093	 518.9187	 0.0120	
    66.4	518.8974	-0.0161	 0.0093	 518.9984	 0.0058	
    66.5	518.8972	-0.0165	 0.0093	 518.9334	-0.0010	
    66.6	518.8965	-0.0170	 0.0093	 518.9334	 0.0122	
    66.7	518.8964	-0.0175	 0.0093	 518.9782	-0.0013	
    66.8	518.8972	-0.0180	 0.0093	 519.0233	 0.0042	
    66.9	518.8987	-0.0180	 0.0092	 519.0380	 0.0087	
    67.0	518.9005	-0.0171	 0.0092	 519.0380	 0.0120	
    67.1	518.9025	-0.0171	 0.0092	 519.0527	 0.0089	
    67.2	518.9051	-0.0170	 0.0092	 519.0828	 0.0048	
    67.3	518.9078	-0.0164	 0.0091	 519.0828	 0.0105	
    67.4	518.9108	-0.0159	 0.0091	 519.0975	 0.0041	
    67.5	518.9128	-0.0154	 0.0091	 519.0353	 0.0141	
    67.6	518.9143	-0.0147	 0.0090	 519.0353	 0.0056	
    67.7	518.9163	-0.0144	 0.0090	 519.0647	 0.0108	
    67.8	518.9196	-0.0137	 0.0090	 519.0801	 0.0097	
    67.9	518.9218	-0.0140	 0.0089	 519.0500	-0.0039	
    68.0	518.9230	-0.0147	 0.0089	 519.0203	 0.0037	
    68.1	518.9238	-0.0151	 0.0089	 519.0052	 0.0003	
    68.2	518.9240	-0.0156	 0.0089	 518.9905	 0.0082	
    68.3	518.9242	-0.0152	 0.0089	 518.9905	 0.0083	
    68.4	518.9245	-0.0144	 0.0089	 519.0052	 0.0110	
    68.5	518.9254	-0.0140	 0.0088	 519.0353	 0.0073	
    68.6	518.9272	-0.0136	 0.0088	 519.0647	 0.0051	
    68.7	518.9283	-0.0137	 0.0088	 519.0175	 0.0075	
    68.8	518.9295	-0.0136	 0.0088	 519.0322	 0.0049	
    68.9	518.9306	-0.0134	 0.0087	 519.0175	 0.0093	
    69.0	518.9321	-0.0130	 0.0087	 519.0473	 0.0048	
    69.1	518.9337	-0.0130	 0.0087	 519.0473	 0.0048	
    69.2	518.9346	-0.0127	 0.0087	 519.0271	 0.0110	
    69.3	518.9352	-0.0124	 0.0087	 518.9970	 0.0039	
    69.4	518.9350	-0.0124	 0.0087	 518.9673	 0.0042	
    69.5	518.9350	-0.0124	 0.0087	 518.9823	 0.0062	
    69.6	518.9354	-0.0127	 0.0086	 519.0121	-0.0073	
    69.7	518.9357	-0.0129	 0.0086	 518.9970	 0.0055	
    69.8	518.9356	-0.0128	 0.0086	 518.9673	 0.0122	
    69.9	518.9351	-0.0131	 0.0086	 518.9823	 0.0021	
    70.0	518.9348	-0.0135	 0.0086	 518.9673	 0.0062	
    70.1	518.9341	-0.0134	 0.0086	 518.9673	 0.0044	
    70.2	518.9334	-0.0133	 0.0086	 518.9522	 0.0045	
    70.3	518.9326	-0.0134	 0.0086	 518.9078	-0.0014	
    70.4	518.9305	-0.0140	 0.0086	 518.9078	 0.0095	
    70.5	518.9290	-0.0136	 0.0086	 518.9375	 0.0143	
    70.6	518.9279	-0.0125	 0.0086	 518.9375	 0.0181	
    70.7	518.9270	-0.0116	 0.0086	 518.9522	 0.0113	
    70.8	518.9263	-0.0120	 0.0086	 518.9375	 0.0043	
    70.9	518.9255	-0.0109	 0.0086	 518.9375	 0.0205	
    71.0	518.9241	-0.0100	 0.0086	 518.8896	 0.0117	
    71.1	518.9226	-0.0097	 0.0086	 518.9348	 0.0118	
    71.2	518.9219	-0.0098	 0.0086	 518.9197	 0.0114	
    71.3	518.9211	-0.0093	 0.0086	 518.9348	 0.0135	
    71.4	518.9206	-0.0086	 0.0086	 518.9495	 0.0144	
    71.5	518.9211	-0.0082	 0.0086	 519.0090	 0.0075	
    71.6	518.9217	-0.0089	 0.0086	 518.9741	-0.0043	
    71.7	518.9234	-0.0094	 0.0085	 519.0039	 0.0028	
    71.8	518.9247	-0.0088	 0.0085	 519.0186	 0.0102	
    71.9	518.9259	-0.0084	 0.0085	 518.9888	 0.0077	
    72.0	518.9265	-0.0082	 0.0085	 518.9888	 0.0035	
    72.1	518.9273	-0.0077	 0.0085	 518.9888	 0.0193	
    72.2	518.9284	-0.0074	 0.0085	 519.0186	 0.0100	
    72.3	518.9302	-0.0067	 0.0084	 519.0339	 0.0083	
    72.4	518.9323	-0.0060	 0.0084	 519.0339	 0.0163	
    72.5	518.9342	-0.0050	 0.0084	 519.0339	 0.0139	
    72.6	518.9360	-0.0043	 0.0084	 519.0186	 0.0098	
    72.7	518.9372	-0.0029	 0.0084	 518.9741	 0.0205	
    72.8	518.9379	-0.0029	 0.0084	 518.9741	 0.0073	
    72.9	518.9387	-0.0026	 0.0084	 518.9741	 0.0104	
    73.0	518.9392	-0.0021	 0.0084	 518.9591	 0.0081	
    73.1	518.9392	-0.0026	 0.0084	 518.9440	 0.0026	
    73.2	518.9388	-0.0033	 0.0084	 518.9440	 0.0097	
    73.3	518.9388	-0.0028	 0.0084	 518.9591	 0.0110	
    73.4	518.9398	-0.0018	 0.0083	 518.9943	 0.0165	
    73.5	518.9410	-0.0013	 0.0083	 518.9943	 0.0122	
    73.6	518.9421	-0.0011	 0.0083	 518.9796	 0.0075	
    73.7	518.9420	-0.0010	 0.0083	 518.9348	 0.0108	
    73.8	518.9411	-0.0002	 0.0083	 518.9050	 0.0157	
    73.9	518.9401	 0.0006	 0.0083	 518.8896	 0.0103	
    74.0	518.9382	 0.0003	 0.0084	 518.8452	 0.0073	
    74.1	518.9359	 0.0005	 0.0084	 518.8452	 0.0181	
    74.2	518.9339	 0.0012	 0.0084	 518.8602	 0.0215	
    74.3	518.9325	 0.0014	 0.0084	 518.8896	 0.0010	
    74.4	518.9300	 0.0007	 0.0084	 518.8250	 0.0081	
    74.5	518.9274	 0.0003	 0.0084	 518.8250	 0.0105	
    74.6	518.9254	 0.0002	 0.0085	 518.8548	 0.0055	
    74.7	518.9238	-0.0002	 0.0085	 518.8698	 0.0059	
    74.8	518.9226	-0.0004	 0.0085	 518.8698	 0.0055	
    74.9	518.9214	-0.0007	 0.0085	 518.8845	 0.0121	
    75.0	518.9204	-0.0013	 0.0085	 518.8845	 0.0056	
    75.1	518.9194	-0.0013	 0.0085	 518.8992	 0.0021	
    75.2	518.9187	-0.0018	 0.0085	 518.8845	 0.0080	
    75.3	518.9179	-0.0018	 0.0085	 518.9146	 0.0130	
    75.4	518.9178	-0.0011	 0.0085	 518.9440	 0.0154	
    75.5	518.9186	-0.0003	 0.0085	 518.9591	 0.0137	
    75.6	518.9194	-0.0001	 0.0085	 518.9440	 0.0055	
    75.7	518.9199	 0.0005	 0.0085	 518.9293	 0.0145	
    75.8	518.9202	 0.0010	 0.0085	 518.9293	 0.0106	
    75.9	518.9207	 0.0009	 0.0085	 518.9293	 0.0025	
    76.0	518.9212	 0.0006	 0.0085	 518.9440	 0.0078	
    76.1	518.9219	 0.0011	 0.0085	 518.9591	 0.0105	
    76.2	518.9221	 0.0011	 0.0085	 518.9591	 0.0063	
    76.3	518.9221	 0.0009	 0.0085	 518.8941	 0.0097	
    76.4	518.9220	 0.0010	 0.0085	 518.9389	 0.0094	
    76.5	518.9230	 0.0018	 0.0085	 518.9837	 0.0199	
    76.6	518.9250	 0.0027	 0.0085	 519.0134	 0.0133	
    76.7	518.9278	 0.0035	 0.0084	 519.0432	 0.0134	
    76.8	518.9310	 0.0039	 0.0084	 519.0432	 0.0098	
    76.9	518.9344	 0.0040	 0.0084	 519.0432	 0.0035	
    77.0	518.9375	 0.0045	 0.0084	 519.0285	 0.0105	
    77.1	518.9391	 0.0043	 0.0084	 518.9686	 0.0016	
    77.2	518.9405	 0.0043	 0.0084	 518.9686	 0.0071	
    77.3	518.9415	 0.0047	 0.0084	 518.9532	 0.0159	
    77.4	518.9424	 0.0054	 0.0084	 518.9686	 0.0122	
    77.5	518.9438	 0.0058	 0.0083	 518.9331	 0.0063	
    77.6	518.9441	 0.0065	 0.0083	 518.9331	 0.0185	
    77.7	518.9445	 0.0069	 0.0083	 518.9331	 0.0147	
    77.8	518.9452	 0.0069	 0.0083	 518.9481	 0.0086	
    77.9	518.9460	 0.0078	 0.0083	 518.9481	 0.0230	
    78.0	518.9472	 0.0080	 0.0083	 518.9628	 0.0062	
    78.1	518.9484	 0.0079	 0.0083	 518.9628	 0.0086	
    78.2	518.9495	 0.0083	 0.0083	 518.9628	 0.0115	
    78.3	518.9513	 0.0091	 0.0083	 518.9929	 0.0126	
    78.4	518.9533	 0.0092	 0.0083	 518.9929	 0.0030	
    78.5	518.9546	 0.0093	 0.0083	 518.9132	 0.0098	
    78.6	518.9548	 0.0096	 0.0083	 518.9279	 0.0067	
    78.7	518.9548	 0.0093	 0.0083	 518.9132	 0.0019	
    78.8	518.9548	 0.0090	 0.0083	 518.9132	 0.0004	
    78.9	518.9543	 0.0089	 0.0084	 518.8503	 0.0119	
    79.0	518.9525	 0.0086	 0.0084	 518.8503	 0.0131	
    79.1	518.9509	 0.0081	 0.0084	 518.8654	 0.0078	
    79.2	518.9498	 0.0075	 0.0084	 518.8654	 0.0029	
    79.3	518.9483	 0.0067	 0.0084	 518.8654	 0.0090	
    79.4	518.9469	 0.0067	 0.0084	 518.8654	 0.0171	
    79.5	518.9456	 0.0077	 0.0085	 518.8654	 0.0234	
    79.6	518.9447	 0.0084	 0.0085	 518.8804	 0.0124	
    79.7	518.9445	 0.0083	 0.0085	 518.9252	 0.0122	
    79.8	518.9452	 0.0085	 0.0085	 518.9399	 0.0081	
    79.9	518.9464	 0.0086	 0.0085	 518.9874	 0.0122	
    80.0	518.9489	 0.0089	 0.0085	 519.0025	 0.0046	
    80.1	518.9513	 0.0084	 0.0085	 519.0319	-0.0018	
    80.2	518.9541	 0.0080	 0.0084	 519.0319	-0.0029	
    80.3	518.9565	 0.0073	 0.0084	 518.9874	-0.0006	
    80.4	518.9577	 0.0067	 0.0084	 518.9577	 0.0041	
    80.5	518.9591	 0.0068	 0.0084	 518.9929	 0.0165	
    80.6	518.9605	 0.0077	 0.0084	 518.9779	 0.0184	
    80.7	518.9619	 0.0079	 0.0084	 518.9929	 0.0039	
    80.8	518.9634	 0.0077	 0.0084	 518.9929	 0.0076	
    80.9	518.9649	 0.0080	 0.0084	 518.9929	 0.0143	
    81.0	518.9663	 0.0090	 0.0084	 518.9779	 0.0193	
    81.1	518.9673	 0.0103	 0.0084	 518.9628	 0.0164	
    81.2	518.9680	 0.0113	 0.0084	 518.9331	 0.0188	
    81.3	518.9683	 0.0116	 0.0084	 518.9184	 0.0045	
    81.4	518.9682	 0.0110	 0.0084	 518.9331	 0.0109	
    81.5	518.9685	 0.0112	 0.0084	 518.9481	 0.0096	
    81.6	518.9689	 0.0114	 0.0084	 518.9331	 0.0107	
    81.7	518.9691	 0.0113	 0.0084	 518.9481	 0.0029	
    81.8	518.9695	 0.0103	 0.0084	 518.9331	-0.0025	
    81.9	518.9693	 0.0102	 0.0084	 518.9184	 0.0131	
    82.0	518.9688	 0.0106	 0.0085	 518.8883	 0.0167	
    82.1	518.9667	 0.0104	 0.0085	 518.8736	 0.0091	
    82.2	518.9654	 0.0103	 0.0085	 518.8736	 0.0121	
    82.3	518.9642	 0.0105	 0.0085	 518.8883	 0.0160	
    82.4	518.9631	 0.0107	 0.0085	 518.8736	 0.0116	
    82.5	518.9619	 0.0099	 0.0086	 518.8589	-0.0017	
    82.6	518.9601	 0.0090	 0.0086	 518.8589	 0.0022	
    82.7	518.9584	 0.0080	 0.0086	 518.8435	 0.0039	
    82.8	518.9561	 0.0070	 0.0086	 518.8141	-0.0009	
    82.9	518.9532	 0.0064	 0.0086	 518.8141	 0.0114	
    83.0	518.9498	 0.0061	 0.0087	 518.7840	 0.0090	
    83.1	518.9460	 0.0059	 0.0087	 518.7689	 0.0167	
    83.2	518.9422	 0.0063	 0.0088	 518.7689	 0.0165	
    83.3	518.9399	 0.0067	 0.0088	 518.8493	 0.0138	
    83.4	518.9376	 0.0069	 0.0088	 518.7689	 0.0183	
    83.5	518.9355	 0.0068	 0.0088	 518.8493	 0.0075	
    83.6	518.9336	 0.0066	 0.0088	 518.8339	 0.0146	
    83.7	518.9318	 0.0070	 0.0089	 518.8339	 0.0146	
    83.8	518.9305	 0.0077	 0.0089	 518.8640	 0.0225	
    83.9	518.9301	 0.0082	 0.0089	 518.8938	 0.0121	
    84.0	518.9302	 0.0086	 0.0089	 518.8938	 0.0094	
    84.1	518.9301	 0.0083	 0.0089	 518.8938	 0.0093	
    84.2	518.9299	 0.0080	 0.0089	 518.8787	 0.0045	
    84.3	518.9305	 0.0072	 0.0089	 518.9690	-0.0026	
    84.4	518.9319	 0.0067	 0.0089	 518.9536	 0.0041	
    84.5	518.9332	 0.0070	 0.0089	 518.9536	 0.0123	
    84.6	518.9350	 0.0078	 0.0089	 518.9741	 0.0135	
    84.7	518.9358	 0.0077	 0.0089	 518.9293	 0.0085	
    84.8	518.9368	 0.0076	 0.0089	 518.9796	 0.0053	
    84.9	518.9382	 0.0074	 0.0089	 518.9645	 0.0088	
    85.0	518.9393	 0.0076	 0.0089	 518.9495	 0.0095	
    85.1	518.9396	 0.0079	 0.0089	 518.9197	 0.0113	
    85.2	518.9401	 0.0080	 0.0089	 518.9495	 0.0055	
    85.3	518.9413	 0.0082	 0.0089	 518.9495	 0.0097	
    85.4	518.9423	 0.0080	 0.0089	 518.9645	 0.0091	
    85.5	518.9442	 0.0078	 0.0089	 518.9943	 0.0011	
    85.6	518.9457	 0.0074	 0.0089	 518.9741	 0.0053	
    85.7	518.9472	 0.0078	 0.0089	 518.9888	 0.0172	
    85.8	518.9490	 0.0080	 0.0089	 519.0039	 0.0075	
    85.9	518.9512	 0.0080	 0.0088	 519.0039	 0.0112	
    86.0	518.9530	 0.0078	 0.0088	 518.9741	 0.0030	
    86.1	518.9546	 0.0070	 0.0088	 518.9888	-0.0010	
    86.2	518.9559	 0.0071	 0.0088	 518.9591	 0.0158	
    86.3	518.9564	 0.0075	 0.0088	 518.9293	 0.0122	
    86.4	518.9562	 0.0073	 0.0088	 518.9146	 0.0068	
    86.5	518.9558	 0.0067	 0.0088	 518.9645	-0.0005	
    86.6	518.9566	 0.0060	 0.0088	 518.9348	 0.0045	
    86.7	518.9564	 0.0056	 0.0088	 518.9197	 0.0069	
    86.8	518.9566	 0.0054	 0.0089	 518.9522	 0.0077	
    86.9	518.9567	 0.0053	 0.0089	 518.9375	 0.0087	
    87.0	518.9567	 0.0052	 0.0089	 518.9522	 0.0101	
    87.1	518.9571	 0.0056	 0.0089	 518.9522	 0.0117	
    87.2	518.9581	 0.0056	 0.0089	 518.9970	 0.0060	
    87.3	518.9599	 0.0059	 0.0088	 518.9970	 0.0156	
    87.4	518.9605	 0.0061	 0.0088	 518.9348	 0.0098	
    87.5	518.9607	 0.0062	 0.0089	 518.9495	 0.0093	
    87.6	518.9609	 0.0058	 0.0089	 518.9348	-0.0023	
    87.7	518.9607	 0.0044	 0.0089	 518.9197	-0.0016	
    87.8	518.9599	 0.0039	 0.0089	 518.8548	 0.0065	
    87.9	518.9576	 0.0037	 0.0089	 518.8548	 0.0086	
    88.0	518.9555	 0.0032	 0.0089	 518.9050	 0.0073	
    88.1	518.9545	 0.0019	 0.0089	 518.9050	-0.0080	
    88.2	518.9533	 0.0004	 0.0089	 518.8896	-0.0036	
    88.3	518.9517	 0.0001	 0.0089	 518.8896	 0.0085	
    88.4	518.9502	-0.0003	 0.0090	 518.9050	 0.0128	
    88.5	518.9491	-0.0011	 0.0090	 518.9050	 0.0001	
    88.6	518.9475	-0.0020	 0.0090	 518.8749	-0.0031	
    88.7	518.9453	-0.0034	 0.0090	 518.8602	 0.0030	
    88.8	518.9425	-0.0041	 0.0090	 518.8452	 0.0058	
    88.9	518.9397	-0.0050	 0.0090	 518.8602	-0.0046	
    89.0	518.9371	-0.0056	 0.0090	 518.8452	 0.0068	
    89.1	518.9336	-0.0058	 0.0091	 518.8154	 0.0103	
    89.2	518.9301	-0.0058	 0.0091	 518.8154	 0.0107	
    89.3	518.9261	-0.0065	 0.0091	 518.7652	 0.0112	
    89.4	518.9212	-0.0068	 0.0092	 518.7505	 0.0104	
    89.5	518.9165	-0.0074	 0.0092	 518.7652	 0.0073	
    89.6	518.9120	-0.0078	 0.0092	 518.7799	 0.0088	
    89.7	518.9068	-0.0084	 0.0092	 518.7002	 0.0123	
    89.8	518.9013	-0.0090	 0.0093	 518.7450	 0.0104	
    89.9	518.8967	-0.0092	 0.0093	 518.7601	 0.0088	
    90.0	518.8933	-0.0092	 0.0093	 518.8048	 0.0148	
    90.1	518.8893	-0.0092	 0.0094	 518.7447	 0.0163	
    90.2	518.8851	-0.0096	 0.0094	 518.7744	 0.0052	
    90.3	518.8814	-0.0097	 0.0094	 518.7242	 0.0168	
    90.4	518.8765	-0.0100	 0.0094	 518.7395	 0.0130	
    90.5	518.8717	-0.0094	 0.0095	 518.7190	 0.0268	
    90.6	518.8672	-0.0088	 0.0095	 518.7337	 0.0175	
    90.7	518.8630	-0.0088	 0.0095	 518.7638	 0.0174	
    90.8	518.8599	-0.0081	 0.0095	 518.7163	 0.0181	
    90.9	518.8557	-0.0079	 0.0096	 518.7310	 0.0135	
    91.0	518.8518	-0.0076	 0.0096	 518.6838	 0.0142	
    91.1	518.8469	-0.0074	 0.0096	 518.6985	 0.0099	
    91.2	518.8425	-0.0077	 0.0097	 518.7283	 0.0112	
    91.3	518.8389	-0.0085	 0.0097	 518.7433	-0.0017	
    91.4	518.8361	-0.0091	 0.0097	 518.7878	 0.0122	
    91.5	518.8343	-0.0088	 0.0097	 518.8031	 0.0108	
    91.6	518.8322	-0.0091	 0.0097	 518.6958	 0.0079	
    91.7	518.8276	-0.0096	 0.0097	 518.6958	 0.0174	
    91.8	518.8234	-0.0102	 0.0098	 518.6958	 0.0095	
    91.9	518.8194	-0.0109	 0.0098	 518.7105	 0.0087	
    92.0	518.8155	-0.0112	 0.0098	 518.6958	 0.0081	
    92.1	518.8104	-0.0115	 0.0098	 518.6455	 0.0124	
    92.2	518.8052	-0.0119	 0.0099	 518.6606	 0.0088	
    92.3	518.8004	-0.0122	 0.0099	 518.6606	 0.0116	
    92.4	518.7954	-0.0121	 0.0099	 518.6308	 0.0120	
    92.5	518.7903	-0.0126	 0.0100	 518.6455	 0.0074	
    92.6	518.7855	-0.0134	 0.0100	 518.6455	 0.0066	
    92.7	518.7802	-0.0143	 0.0100	 518.6455	 0.0060	
    92.8	518.7757	-0.0149	 0.0100	 518.6606	 0.0068	
    92.9	518.7717	-0.0156	 0.0101	 518.6903	 0.0100	
    93.0	518.7678	-0.0157	 0.0101	 518.6753	 0.0128	
    93.1	518.7640	-0.0162	 0.0101	 518.6753	 0.0070	
    93.2	518.7598	-0.0165	 0.0101	 518.6606	 0.0122	
    93.3	518.7557	-0.0172	 0.0101	 518.6606	 0.0096	
    93.4	518.7516	-0.0178	 0.0102	 518.6606	 0.0072	
    93.5	518.7474	-0.0187	 0.0102	 518.6103	 0.0037	
    93.6	518.7421	-0.0197	 0.0102	 518.6103	 0.0091	
    93.7	518.7367	-0.0198	 0.0102	 518.6250	 0.0163	
    93.8	518.7327	-0.0199	 0.0102	 518.6698	 0.0098	
    93.9	518.7290	-0.0202	 0.0103	 518.6698	 0.0071	
    94.0	518.7257	-0.0199	 0.0103	 518.6852	 0.0112	
    94.1	518.7231	-0.0206	 0.0103	 518.7149	-0.0002	
    94.2	518.7202	-0.0208	 0.0103	 518.6995	 0.0110	
    94.3	518.7183	-0.0205	 0.0103	 518.7443	 0.0130	
    94.4	518.7173	-0.0199	 0.0103	 518.7741	 0.0137	
    94.5	518.7171	-0.0197	 0.0103	 518.7888	 0.0073	
    94.6	518.7173	-0.0194	 0.0102	 518.8042	 0.0143	
    94.7	518.7179	-0.0190	 0.0102	 518.8189	 0.0113	
    94.8	518.7191	-0.0187	 0.0102	 518.8486	 0.0091	
    94.9	518.7204	-0.0187	 0.0102	 518.8486	 0.0124	
    95.0	518.7220	-0.0177	 0.0101	 518.8486	 0.0150	
    95.1	518.7238	-0.0171	 0.0101	 518.8637	 0.0118	
    95.2	518.7258	-0.0163	 0.0101	 518.8637	 0.0048	
    95.3	518.7272	-0.0159	 0.0101	 518.8336	 0.0205	
    95.4	518.7282	-0.0148	 0.0100	 518.8042	 0.0153	
    95.5	518.7286	-0.0142	 0.0100	 518.8042	 0.0097	
    95.6	518.7289	-0.0146	 0.0100	 518.7888	 0.0011	
    95.7	518.7288	-0.0149	 0.0100	 518.7888	 0.0047	
    95.8	518.7288	-0.0154	 0.0100	 518.8042	 0.0071	
    95.9	518.7289	-0.0158	 0.0100	 518.7741	 0.0008	
    96.0	518.7280	-0.0167	 0.0100	 518.7293	-0.0035	
    96.1	518.7261	-0.0180	 0.0100	 518.6995	-0.0038	
    96.2	518.7230	-0.0185	 0.0100	 518.6547	 0.0096	
    96.3	518.7195	-0.0186	 0.0100	 518.6547	 0.0054	
    96.4	518.7158	-0.0189	 0.0100	 518.6400	 0.0180	
    96.5	518.7121	-0.0191	 0.0100	 518.6400	 0.0022	
    96.6	518.7084	-0.0199	 0.0100	 518.6694	 0.0036	
    96.7	518.7051	-0.0204	 0.0100	 518.6694	 0.0085	
    96.8	518.7022	-0.0207	 0.0100	 518.6694	 0.0098	
    96.9	518.6994	-0.0209	 0.0101	 518.6848	 0.0043	
    97.0	518.6971	-0.0215	 0.0101	 518.7146	 0.0043	
    97.1	518.6954	-0.0220	 0.0101	 518.6790	 0.0001	
    97.2	518.6926	-0.0226	 0.0101	 518.6643	 0.0065	
    97.3	518.6899	-0.0232	 0.0101	 518.6790	 0.0053	
    97.4	518.6876	-0.0239	 0.0101	 518.6944	-0.0005	
    97.5	518.6854	-0.0239	 0.0101	 518.6944	 0.0189	
    97.6	518.6833	-0.0236	 0.0101	 518.6944	 0.0063	
    97.7	518.6809	-0.0236	 0.0101	 518.6643	 0.0046	
    97.8	518.6781	-0.0243	 0.0101	 518.6496	 0.0025	
    97.9	518.6749	-0.0246	 0.0101	 518.6496	 0.0097	
    98.0	518.6719	-0.0242	 0.0101	 518.6496	 0.0138	
    98.1	518.6688	-0.0245	 0.0101	 518.6195	 0.0107	
    98.2	518.6653	-0.0250	 0.0101	 518.6496	 0.0052	
    98.3	518.6629	-0.0255	 0.0101	 518.6790	 0.0025	
    98.4	518.6608	-0.0261	 0.0101	 518.6944	 0.0014	
    98.5	518.6588	-0.0266	 0.0101	 518.6790	 0.0070	
    98.6	518.6563	-0.0272	 0.0101	 518.6643	 0.0026	
    98.7	518.6541	-0.0279	 0.0101	 518.6790	-0.0014	
    98.8	518.6516	-0.0285	 0.0101	 518.6294	 0.0083	
    98.9	518.6484	-0.0280	 0.0101	 518.6441	 0.0171	
    99.0	518.6455	-0.0281	 0.0101	 518.6441	 0.0086	
    99.1	518.6425	-0.0285	 0.0101	 518.6441	 0.0035	
    99.2	518.6402	-0.0291	 0.0101	 518.6739	 0.0030	
    99.3	518.6385	-0.0294	 0.0101	 518.6889	 0.0013	
    99.4	518.6372	-0.0294	 0.0100	 518.7040	 0.0042	
    99.5	518.6361	-0.0292	 0.0100	 518.7187	 0.0132	
    99.6	518.6357	-0.0282	 0.0100	 518.7334	 0.0227	
    99.7	518.6363	-0.0268	 0.0100	 518.7782	 0.0163	
    99.8	518.6372	-0.0261	 0.0099	 518.7782	 0.0052	
    99.9	518.6366	-0.0260	 0.0099	 518.7159	 0.0093	
   100.0	518.6375	-0.0256	 0.0099	 518.7607	 0.0177	
   100.1	518.6393	-0.0245	 0.0099	 518.8380	 0.0106	
   100.2	518.6419	-0.0235	 0.0098	 518.8230	 0.0138	
   100.3	518.6441	-0.0225	 0.0098	 518.7932	 0.0162	
   100.4	518.6456	-0.0219	 0.0098	 518.8083	 0.0138	
   100.5	518.6474	-0.0209	 0.0097	 518.7782	 0.0138	
   100.6	518.6485	-0.0203	 0.0097	 518.7635	 0.0057	
   100.7	518.6492	-0.0206	 0.0097	 518.8137	 0.0047	
   100.8	518.6514	-0.0209	 0.0097	 518.8137	-0.0059	
   100.9	518.6531	-0.0218	 0.0096	 518.7836	 0.0028	
   101.0	518.6543	-0.0223	 0.0096	 518.8336	-0.0005	
   101.1	518.6566	-0.0224	 0.0096	 518.8189	 0.0062	
   101.2	518.6583	-0.0228	 0.0095	 518.8640	 0.0013	
   101.3	518.6612	-0.0226	 0.0095	 518.8640	 0.0078	
   101.4	518.6636	-0.0224	 0.0094	 518.8339	 0.0003	
   101.5	518.6656	-0.0227	 0.0094	 518.8339	 0.0078	
   101.6	518.6676	-0.0224	 0.0094	 518.8045	 0.0137	
   101.7	518.6686	-0.0218	 0.0094	 518.8045	 0.0089	
   101.8	518.6704	-0.0214	 0.0093	 518.8490	 0.0034	
   101.9	518.6727	-0.0210	 0.0093	 518.8490	 0.0120	
   102.0	518.6751	-0.0206	 0.0093	 518.8490	 0.0053	
   102.1	518.6775	-0.0204	 0.0092	 518.8189	 0.0072	
   102.2	518.6793	-0.0200	 0.0092	 518.8336	 0.0132	
   102.3	518.6813	-0.0189	 0.0092	 518.8486	 0.0158	
   102.4	518.6828	-0.0183	 0.0091	 518.7984	 0.0026	
   102.5	518.6839	-0.0184	 0.0091	 518.8137	 0.0050	
   102.6	518.6857	-0.0179	 0.0091	 518.8284	 0.0153	
   102.7	518.6867	-0.0167	 0.0091	 518.7932	 0.0213	
   102.8	518.6883	-0.0150	 0.0090	 518.8380	 0.0175	
   102.9	518.6909	-0.0143	 0.0090	 518.8678	 0.0031	
   103.0	518.6946	-0.0140	 0.0090	 518.9126	 0.0074	
   103.1	518.6980	-0.0132	 0.0089	 518.8801	 0.0099	
   103.2	518.7012	-0.0126	 0.0089	 518.8650	 0.0065	
   103.3	518.7041	-0.0126	 0.0088	 518.8801	 0.0011	
   103.4	518.7073	-0.0118	 0.0088	 518.8801	 0.0106	
   103.5	518.7102	-0.0115	 0.0088	 518.8445	 0.0040	
   103.6	518.7126	-0.0123	 0.0088	 518.8596	-0.0040	
   103.7	518.7155	-0.0116	 0.0087	 518.8893	 0.0156	
   103.8	518.7180	-0.0104	 0.0087	 518.8565	 0.0235	
   103.9	518.7210	-0.0093	 0.0087	 518.8866	 0.0159	
   104.0	518.7241	-0.0083	 0.0086	 518.8719	 0.0129	
   104.1	518.7266	-0.0079	 0.0086	 518.8240	 0.0052	
   104.2	518.7281	-0.0079	 0.0086	 518.8240	-0.0016	
   104.3	518.7297	-0.0087	 0.0086	 518.8240	-0.0001	
   104.4	518.7310	-0.0092	 0.0085	 518.8240	 0.0004	
   104.5	518.7319	-0.0093	 0.0085	 518.7942	 0.0102	
   104.6	518.7324	-0.0091	 0.0085	 518.7792	 0.0113	
   104.7	518.7318	-0.0089	 0.0085	 518.6995	 0.0201	
   104.8	518.7300	-0.0078	 0.0085	 518.6845	 0.0170	
   104.9	518.7279	-0.0077	 0.0085	 518.6694	 0.0085	
   105.0	518.7254	-0.0076	 0.0086	 518.6547	 0.0136	
   105.1	518.7231	-0.0075	 0.0086	 518.6694	 0.0092	
   105.2	518.7214	-0.0074	 0.0086	 518.6995	 0.0099	
   105.3	518.7202	-0.0072	 0.0086	 518.7440	 0.0150	
   105.4	518.7201	-0.0069	 0.0086	 518.6818	 0.0096	
   105.5	518.7184	-0.0070	 0.0086	 518.6968	 0.0066	
   105.6	518.7176	-0.0078	 0.0086	 518.7888	-0.0015	
   105.7	518.7187	-0.0082	 0.0086	 518.7265	 0.0017	
   105.8	518.7181	-0.0085	 0.0086	 518.7413	 0.0035	
   105.9	518.7176	-0.0086	 0.0086	 518.7265	 0.0086	
   106.0	518.7169	-0.0083	 0.0086	 518.7741	 0.0095	
   106.1	518.7175	-0.0081	 0.0085	 518.7594	 0.0016	
   106.2	518.7175	-0.0082	 0.0085	 518.7293	 0.0041	
   106.3	518.7167	-0.0079	 0.0085	 518.7142	 0.0120	
   106.4	518.7164	-0.0076	 0.0085	 518.7344	 0.0073	
   106.5	518.7159	-0.0077	 0.0085	 518.7197	 0.0136	
   106.6	518.7152	-0.0076	 0.0085	 518.7197	 0.0108	
   106.7	518.7145	-0.0078	 0.0085	 518.7050	 0.0066	
   106.8	518.7138	-0.0076	 0.0085	 518.6845	 0.0064	
   106.9	518.7124	-0.0078	 0.0085	 518.7142	 0.0088	
   107.0	518.7117	-0.0078	 0.0085	 518.7293	 0.0069	
   107.1	518.7114	-0.0075	 0.0085	 518.7293	 0.0109	
   107.2	518.7104	-0.0069	 0.0085	 518.6968	 0.0075	
   107.3	518.7094	-0.0073	 0.0085	 518.7115	 0.0086	
   107.4	518.7089	-0.0066	 0.0085	 518.7265	 0.0162	
   107.5	518.7089	-0.0061	 0.0085	 518.7265	 0.0131	
   107.6	518.7089	-0.0061	 0.0085	 518.7265	 0.0205	
   107.7	518.7085	-0.0059	 0.0085	 518.7115	 0.0097	
   107.8	518.7078	-0.0057	 0.0085	 518.6818	 0.0086	
   107.9	518.7063	-0.0059	 0.0085	 518.6667	 0.0037	
   108.0	518.7044	-0.0063	 0.0085	 518.6520	 0.0012	
   108.1	518.7020	-0.0067	 0.0086	 518.6219	 0.0105	
   108.2	518.6986	-0.0066	 0.0086	 518.5775	 0.0129	
   108.3	518.6948	-0.0066	 0.0086	 518.5775	 0.0102	
   108.4	518.6916	-0.0074	 0.0086	 518.6400	 0.0025	
   108.5	518.6885	-0.0080	 0.0086	 518.6247	 0.0081	
   108.6	518.6853	-0.0088	 0.0087	 518.5474	 0.0109	
   108.7	518.6810	-0.0094	 0.0087	 518.5474	 0.0084	
   108.8	518.6770	-0.0097	 0.0087	 518.5624	 0.0020	
   108.9	518.6733	-0.0100	 0.0087	 518.5775	 0.0167	
   109.0	518.6698	-0.0096	 0.0088	 518.5775	 0.0160	
   109.1	518.6666	-0.0091	 0.0088	 518.5775	 0.0236	
   109.2	518.6639	-0.0081	 0.0088	 518.5922	 0.0128	
   109.3	518.6616	-0.0081	 0.0088	 518.6072	 0.0120	
   109.4	518.6598	-0.0088	 0.0088	 518.6219	 0.0078	
   109.5	518.6576	-0.0093	 0.0088	 518.6072	-0.0024	
   109.6	518.6551	-0.0100	 0.0088	 518.5747	 0.0034	
   109.7	518.6526	-0.0108	 0.0088	 518.6041	-0.0011	
   109.8	518.6506	-0.0114	 0.0088	 518.6342	 0.0087	
   109.9	518.6487	-0.0118	 0.0088	 518.6192	 0.0062	
   110.0	518.6468	-0.0118	 0.0089	 518.6192	 0.0109	
   110.1	518.6445	-0.0115	 0.0089	 518.6041	 0.0177	
   110.2	518.6426	-0.0110	 0.0089	 518.6192	 0.0164	
   110.3	518.6410	-0.0106	 0.0089	 518.6192	 0.0097	
   110.4	518.6394	-0.0104	 0.0089	 518.6192	 0.0103	
   110.5	518.6379	-0.0100	 0.0089	 518.6342	 0.0139	
   110.6	518.6372	-0.0097	 0.0089	 518.6787	 0.0070	
   110.7	518.6375	-0.0099	 0.0089	 518.7088	 0.0039	
   110.8	518.6385	-0.0100	 0.0089	 518.7235	 0.0011	
   110.9	518.6395	-0.0107	 0.0088	 518.6735	-0.0025	
   111.0	518.6393	-0.0117	 0.0088	 518.6735	-0.0005	
   111.1	518.6389	-0.0122	 0.0088	 518.6585	 0.0113	
   111.2	518.6382	-0.0119	 0.0088	 518.6438	 0.0058	
   111.3	518.6374	-0.0112	 0.0088	 518.6585	 0.0179	
   111.4	518.6357	-0.0109	 0.0088	 518.5812	 0.0086	
   111.5	518.6332	-0.0118	 0.0088	 518.5662	-0.0027	
   111.6	518.6302	-0.0134	 0.0088	 518.5515	-0.0108	
   111.7	518.6264	-0.0149	 0.0089	 518.5364	 0.0023	
   111.8	518.6229	-0.0160	 0.0089	 518.5364	-0.0088	
   111.9	518.6189	-0.0174	 0.0089	 518.5364	-0.0013	
   112.0	518.6149	-0.0185	 0.0089	 518.5067	-0.0004	
   112.1	518.6114	-0.0195	 0.0089	 518.5689	 0.0005	
   112.2	518.6077	-0.0201	 0.0089	 518.5395	 0.0150	
   112.3	518.6036	-0.0203	 0.0090	 518.4947	 0.0097	
   112.4	518.5999	-0.0209	 0.0090	 518.5446	-0.0042	
