
time	altitude	velocity	accel_bias	alt (bmp)	vert_accel	
     0.0	518.6607	-0.0047	 0.0000	 518.4496	-0.0213	
     0.1	518.6551	-0.0066	 0.0001	 518.4797	-0.0016	
     0.2	518.6502	-0.0073	 0.0001	 518.4322	-0.0033	
     0.3	518.6442	-0.0076	 0.0001	 518.4469	 0.0040	
     0.4	518.6389	-0.0070	 0.0002	 518.4267	 0.0143	
     0.5	518.6327	-0.0066	 0.0002	 518.4417	 0.0050	
     0.6	518.6275	-0.0066	 0.0002	 518.4564	 0.0068	
     0.7	518.6227	-0.0071	 0.0003	 518.4239	-0.0039	
     0.8	518.6170	-0.0082	 0.0003	 518.4089	-0.0009	
     0.9	518.6109	-0.0088	 0.0004	 518.4089	 0.0102	
     1.0	518.6048	-0.0090	 0.0004	 518.4239	-0.0010	
     1.1	518.5997	-0.0097	 0.0004	 518.4537	-0.0032	
     1.2	518.5951	-0.0105	 0.0005	 518.4537	-0.0030	
     1.3	518.5905	-0.0108	 0.0005	 518.4537	 0.0034	
     1.4	518.5860	-0.0114	 0.0005	 518.4537	-0.0013	
     1.5	518.5812	-0.0110	 0.0005	 518.4212	 0.0095	
     1.6	518.5768	-0.0106	 0.0006	 518.4657	 0.0042	
     1.7	518.5736	-0.0104	 0.0006	 518.5252	 0.0027	
     1.8	518.5719	-0.0099	 0.0006	 518.5050	 0.0119	
     1.9	518.5693	-0.0090	 0.0006	 518.5200	 0.0136	
     2.0	518.5673	-0.0074	 0.0006	 518.5022	 0.0147	
     2.1	518.5653	-0.0063	 0.0006	 518.5173	 0.0154	
     2.2	518.5642	-0.0049	 0.0006	 518.5265	 0.0154	
     2.3	518.5633	-0.0040	 0.0006	 518.5717	 0.0108	
     2.4	518.5624	-0.0028	 0.0006	 518.5515	 0.0078	
     2.5	518.5622	-0.0021	 0.0006	 518.5809	 0.0099	
     2.6	518.5617	-0.0009	 0.0006	 518.5358	 0.0129	
     2.7	518.5610	 0.0003	 0.0007	 518.5453	 0.0074	
     2.8	518.5614	 0.0013	 0.0006	 518.5901	 0.0082	
     2.9	518.5618	 0.0022	 0.0006	 518.5252	 0.0155	
     3.0	518.5616	 0.0033	 0.0007	 518.5549	 0.0129	
     3.1	518.5622	 0.0045	 0.0006	 518.5850	 0.0096	
     3.2	518.5627	 0.0049	 0.0006	 518.5224	 0.0099	
     3.3	518.5627	 0.0057	 0.0007	 518.5522	 0.0101	
     3.4	518.5635	 0.0066	 0.0007	 518.5819	 0.0074	
     3.5	518.5636	 0.0077	 0.0007	 518.5344	 0.0105	
     3.6	518.5634	 0.0085	 0.0007	 518.5197	 0.0161	
     3.7	518.5621	 0.0096	 0.0007	 518.4869	 0.0147	
     3.8	518.5612	 0.0105	 0.0007	 518.4869	 0.0139	
     3.9	518.5611	 0.0114	 0.0007	 518.4964	 0.0175	
     4.0	518.5608	 0.0122	 0.0007	 518.5115	 0.0091	
     4.1	518.5610	 0.0132	 0.0007	 518.5262	 0.0134	
     4.2	518.5610	 0.0144	 0.0007	 518.5211	 0.0064	
     4.3	518.5620	 0.0152	 0.0007	 518.5508	 0.0086	
     4.4	518.5631	 0.0157	 0.0007	 518.5354	 0.0078	
     4.5	518.5646	 0.0170	 0.0007	 518.5303	 0.0142	
     4.6	518.5655	 0.0181	 0.0008	 518.5751	 0.0098	
     4.7	518.5677	 0.0186	 0.0008	 518.6048	 0.0011	
     4.8	518.5707	 0.0188	 0.0007	 518.5696	 0.0071	
     4.9	518.5725	 0.0191	 0.0007	 518.5696	 0.0046	
     5.0	518.5747	 0.0195	 0.0007	 518.5847	 0.0003	
     5.1	518.5766	 0.0202	 0.0007	 518.5696	 0.0130	
     5.2	518.5787	 0.0207	 0.0007	 518.5847	-0.0010	
     5.3	518.5809	 0.0210	 0.0007	 518.5847	 0.0068	
     5.4	518.5828	 0.0218	 0.0007	 518.5070	 0.0070	
     5.5	518.5833	 0.0223	 0.0008	 518.5070	 0.0018	
     5.6	518.5836	 0.0225	 0.0008	 518.5070	 0.0066	
     5.7	518.5840	 0.0229	 0.0008	 518.5070	 0.0005	
     5.8	518.5841	 0.0228	 0.0008	 518.4920	-0.0053	
     5.9	518.5838	 0.0221	 0.0008	 518.4920	-0.0031	
     6.0	518.5835	 0.0210	 0.0008	 518.4920	-0.0047	
     6.1	518.5832	 0.0204	 0.0009	 518.4270	 0.0036	
     6.2	518.5817	 0.0198	 0.0009	 518.4718	-0.0071	
     6.3	518.5808	 0.0187	 0.0009	 518.4718	-0.0034	
     6.4	518.5804	 0.0187	 0.0009	 518.4869	 0.0097	
     6.5	518.5801	 0.0197	 0.0010	 518.4691	 0.0092	
     6.6	518.5793	 0.0206	 0.0010	 518.4841	 0.0166	
     6.7	518.5791	 0.0216	 0.0010	 518.4988	 0.0175	
     6.8	518.5796	 0.0220	 0.0010	 518.5289	 0.0043	
     6.9	518.5803	 0.0227	 0.0010	 518.4810	 0.0030	
     7.0	518.5804	 0.0226	 0.0010	 518.4961	 0.0074	
     7.1	518.5806	 0.0231	 0.0011	 518.5111	 0.0096	
     7.2	518.5819	 0.0240	 0.0011	 518.5556	 0.0145	
     7.3	518.5839	 0.0253	 0.0011	 518.5706	 0.0076	
     7.4	518.5862	 0.0259	 0.0011	 518.5857	 0.0086	
     7.5	518.5888	 0.0266	 0.0011	 518.5857	 0.0086	
     7.6	518.5918	 0.0273	 0.0011	 518.6004	 0.0060	
     7.7	518.5938	 0.0283	 0.0011	 518.5556	 0.0147	
     7.8	518.5949	 0.0287	 0.0011	 518.4961	 0.0075	
     7.9	518.5954	 0.0282	 0.0011	 518.5436	 0.0016	
     8.0	518.5965	 0.0287	 0.0011	 518.5139	 0.0069	
     8.1	518.5970	 0.0286	 0.0011	 518.4988	 0.0040	
     8.2	518.5976	 0.0283	 0.0012	 518.5464	 0.0049	
     8.3	518.5992	 0.0289	 0.0012	 518.5464	 0.0093	
     8.4	518.6007	 0.0293	 0.0012	 518.5464	 0.0066	
     8.5	518.6022	 0.0304	 0.0012	 518.5317	 0.0162	
     8.6	518.6044	 0.0314	 0.0012	 518.5764	 0.0048	
     8.7	518.6067	 0.0318	 0.0012	 518.5614	 0.0082	
     8.8	518.6089	 0.0326	 0.0012	 518.5764	 0.0111	
     8.9	518.6109	 0.0330	 0.0012	 518.5737	 0.0032	
     9.0	518.6135	 0.0330	 0.0012	 518.6031	-0.0007	
     9.1	518.6168	 0.0331	 0.0012	 518.5857	 0.0047	
     9.2	518.6197	 0.0332	 0.0012	 518.6004	 0.0096	
     9.3	518.6228	 0.0341	 0.0012	 518.6151	 0.0147	
     9.4	518.6247	 0.0346	 0.0012	 518.5505	 0.0025	
     9.5	518.6268	 0.0343	 0.0013	 518.5802	-0.0039	
     9.6	518.6295	 0.0344	 0.0013	 518.6247	 0.0120	
     9.7	518.6332	 0.0357	 0.0013	 518.6400	 0.0165	
     9.8	518.6369	 0.0367	 0.0013	 518.6694	 0.0074	
     9.9	518.6411	 0.0378	 0.0013	 518.6520	 0.0173	
    10.0	518.6453	 0.0393	 0.0012	 518.6667	 0.0152	
    10.1	518.6502	 0.0411	 0.0012	 518.6493	 0.0180	
    10.2	518.6548	 0.0422	 0.0012	 518.6787	 0.0081	
    10.3	518.6603	 0.0432	 0.0012	 518.7235	 0.0126	
    10.4	518.6665	 0.0451	 0.0012	 518.7330	 0.0180	
    10.5	518.6733	 0.0466	 0.0012	 518.7778	 0.0134	
    10.6	518.6818	 0.0482	 0.0012	 518.8226	 0.0096	
    10.7	518.6891	 0.0492	 0.0012	 518.7454	 0.0047	
    10.8	518.6957	 0.0505	 0.0011	 518.7751	 0.0077	
    10.9	518.7027	 0.0516	 0.0011	 518.7751	 0.0090	
    11.0	518.7100	 0.0526	 0.0011	 518.7898	 0.0106	
    11.1	518.7165	 0.0539	 0.0011	 518.7101	 0.0121	
    11.2	518.7218	 0.0552	 0.0011	 518.7101	 0.0155	
    11.3	518.7273	 0.0566	 0.0011	 518.7248	 0.0162	
    11.4	518.7329	 0.0582	 0.0011	 518.7248	 0.0131	
    11.5	518.7385	 0.0596	 0.0011	 518.7248	 0.0121	
    11.6	518.7436	 0.0608	 0.0011	 518.7197	 0.0166	
    11.7	518.7492	 0.0623	 0.0011	 518.7344	 0.0120	
    11.8	518.7551	 0.0636	 0.0011	 518.7344	 0.0179	
    11.9	518.7611	 0.0643	 0.0011	 518.7498	 0.0039	
    12.0	518.7670	 0.0652	 0.0011	 518.7498	 0.0123	
    12.1	518.7731	 0.0664	 0.0011	 518.7344	 0.0171	
    12.2	518.7786	 0.0677	 0.0011	 518.7344	 0.0112	
    12.3	518.7843	 0.0685	 0.0012	 518.7498	 0.0072	
    12.4	518.7904	 0.0685	 0.0012	 518.7645	-0.0036	
    12.5	518.7963	 0.0681	 0.0012	 518.7344	 0.0012	
    12.6	518.8015	 0.0685	 0.0012	 518.7197	 0.0111	
    12.7	518.8072	 0.0691	 0.0012	 518.7847	 0.0065	
    12.8	518.8140	 0.0697	 0.0012	 518.8148	 0.0023	
    12.9	518.8208	 0.0694	 0.0012	 518.7994	-0.0032	
    13.0	518.8272	 0.0700	 0.0012	 518.8148	 0.0190	
    13.1	518.8344	 0.0718	 0.0012	 518.8295	 0.0166	
    13.2	518.8411	 0.0724	 0.0012	 518.8093	 0.0071	
    13.3	518.8472	 0.0728	 0.0012	 518.7792	 0.0133	
    13.4	518.8524	 0.0741	 0.0012	 518.7498	 0.0279	
    13.5	518.8570	 0.0746	 0.0013	 518.6896	 0.0028	
    13.6	518.8603	 0.0743	 0.0013	 518.6896	 0.0073	
    13.7	518.8633	 0.0751	 0.0013	 518.6896	 0.0174	
    13.8	518.8666	 0.0760	 0.0014	 518.6896	 0.0205	
    13.9	518.8694	 0.0766	 0.0014	 518.6247	 0.0086	
    14.0	518.8711	 0.0762	 0.0014	 518.6397	 0.0080	
    14.1	518.8733	 0.0764	 0.0015	 518.6544	 0.0069	
    14.2	518.8754	 0.0757	 0.0015	 518.6691	 0.0031	
    14.3	518.8781	 0.0754	 0.0016	 518.6992	 0.0028	
    14.4	518.8811	 0.0747	 0.0016	 518.6992	-0.0044	
    14.5	518.8839	 0.0736	 0.0016	 518.6992	-0.0086	
    14.6	518.8866	 0.0726	 0.0017	 518.6664	 0.0030	
    14.7	518.8885	 0.0726	 0.0017	 518.6814	 0.0150	
    14.8	518.8907	 0.0728	 0.0018	 518.6965	 0.0097	
    14.9	518.8935	 0.0719	 0.0018	 518.7112	-0.0056	
    15.0	518.8963	 0.0707	 0.0018	 518.7262	 0.0023	
    15.1	518.8993	 0.0705	 0.0019	 518.7413	 0.0020	
    15.2	518.9011	 0.0704	 0.0019	 518.6910	 0.0079	
    15.3	518.9031	 0.0705	 0.0020	 518.7060	-0.0002	
    15.4	518.9059	 0.0705	 0.0020	 518.7508	 0.0145	
    15.5	518.9092	 0.0712	 0.0020	 518.7655	 0.0108	
    15.6	518.9128	 0.0717	 0.0021	 518.7655	 0.0107	
    15.7	518.9167	 0.0724	 0.0021	 518.7956	 0.0177	
    15.8	518.9215	 0.0732	 0.0021	 518.8401	 0.0129	
    15.9	518.9271	 0.0743	 0.0021	 518.8551	 0.0214	
    16.0	518.9315	 0.0751	 0.0021	 518.7481	 0.0107	
    16.1	518.9337	 0.0745	 0.0022	 518.7180	 0.0040	
    16.2	518.9353	 0.0746	 0.0022	 518.7030	 0.0058	
    16.3	518.9373	 0.0745	 0.0023	 518.7508	 0.0078	
    16.4	518.9405	 0.0747	 0.0023	 518.7806	 0.0153	
    16.5	518.9443	 0.0751	 0.0023	 518.8103	 0.0093	
    16.6	518.9476	 0.0749	 0.0024	 518.7481	 0.0030	
    16.7	518.9502	 0.0748	 0.0024	 518.7628	 0.0131	
    16.8	518.9530	 0.0759	 0.0024	 518.7775	 0.0146	
    16.9	518.9563	 0.0758	 0.0025	 518.7929	 0.0083	
    17.0	518.9605	 0.0762	 0.0025	 518.8671	 0.0081	
    17.1	518.9660	 0.0764	 0.0025	 518.8821	 0.0087	
    17.2	518.9715	 0.0765	 0.0025	 518.9567	 0.0111	
    17.3	518.9787	 0.0764	 0.0025	 518.9567	 0.0046	
    17.4	518.9853	 0.0767	 0.0026	 518.9389	 0.0081	
    17.5	518.9913	 0.0768	 0.0026	 518.9091	 0.0068	
    17.6	518.9971	 0.0776	 0.0026	 518.8790	 0.0134	
    17.7	519.0018	 0.0779	 0.0026	 518.8643	 0.0056	
    17.8	519.0061	 0.0781	 0.0026	 518.8643	 0.0062	
    17.9	519.0102	 0.0779	 0.0027	 518.8643	 0.0041	
    18.0	519.0145	 0.0782	 0.0027	 518.8739	 0.0093	
    18.1	519.0190	 0.0778	 0.0027	 518.9040	 0.0087	
    18.2	519.0243	 0.0780	 0.0027	 518.9187	 0.0063	
    18.3	519.0292	 0.0776	 0.0028	 518.9187	-0.0005	
    18.4	519.0346	 0.0783	 0.0028	 518.9635	 0.0132	
    18.5	519.0412	 0.0788	 0.0028	 519.0233	 0.0081	
    18.6	519.0495	 0.0793	 0.0028	 519.0678	 0.0041	
    18.7	519.0579	 0.0792	 0.0028	 519.0828	 0.0015	
    18.8	519.0650	 0.0791	 0.0028	 518.9878	 0.0074	
    18.9	519.0710	 0.0786	 0.0028	 518.9731	-0.0012	
    19.0	519.0766	 0.0786	 0.0028	 519.0380	 0.0071	
    19.1	519.0835	 0.0789	 0.0028	 519.0233	 0.0110	
    19.2	519.0893	 0.0791	 0.0029	 518.9782	 0.0019	
    19.3	519.0944	 0.0783	 0.0029	 519.0134	-0.0019	
    19.4	519.1001	 0.0783	 0.0029	 519.0134	 0.0124	
    19.5	519.1054	 0.0797	 0.0029	 518.9837	 0.0195	
    19.6	519.1102	 0.0807	 0.0029	 518.9690	 0.0159	
    19.7	519.1150	 0.0812	 0.0030	 518.9837	 0.0112	
    19.8	519.1193	 0.0815	 0.0030	 519.0134	 0.0157	
    19.9	519.1251	 0.0820	 0.0030	 519.0910	 0.0043	
    20.0	519.1325	 0.0817	 0.0030	 519.0910	 0.0064	
    20.1	519.1395	 0.0820	 0.0030	 519.0610	 0.0130	
    20.2	519.1449	 0.0822	 0.0031	 518.9717	 0.0053	
    20.3	519.1486	 0.0821	 0.0031	 518.9567	 0.0125	
    20.4	519.1517	 0.0827	 0.0031	 518.9297	 0.0147	
    20.5	519.1537	 0.0824	 0.0032	 518.8849	 0.0054	
    20.6	519.1553	 0.0815	 0.0032	 518.8996	 0.0051	
    20.7	519.1570	 0.0813	 0.0033	 518.9645	 0.0091	
    20.8	519.1602	 0.0812	 0.0033	 518.9645	 0.0151	
    20.9	519.1638	 0.0811	 0.0034	 518.9799	 0.0031	
    21.0	519.1663	 0.0803	 0.0034	 518.8996	 0.0098	
    21.1	519.1677	 0.0803	 0.0035	 518.8996	 0.0093	
    21.2	519.1679	 0.0797	 0.0035	 518.8401	 0.0023	
    21.3	519.1667	 0.0782	 0.0036	 518.7956	-0.0020	
    21.4	519.1650	 0.0772	 0.0037	 518.7806	 0.0064	
    21.5	519.1626	 0.0760	 0.0038	 518.7327	 0.0006	
    21.6	519.1601	 0.0748	 0.0038	 518.7481	 0.0065	
    21.7	519.1577	 0.0743	 0.0039	 518.7628	 0.0118	
    21.8	519.1552	 0.0738	 0.0040	 518.7775	 0.0115	
    21.9	519.1532	 0.0740	 0.0041	 518.7929	 0.0151	
    22.0	519.1524	 0.0741	 0.0041	 518.8524	 0.0110	
    22.1	519.1515	 0.0739	 0.0042	 518.8196	 0.0164	
    22.2	519.1515	 0.0735	 0.0043	 518.8790	 0.0050	
    22.3	519.1521	 0.0733	 0.0043	 518.8941	 0.0126	
    22.4	519.1534	 0.0729	 0.0044	 518.9242	 0.0131	
    22.5	519.1545	 0.0725	 0.0044	 518.9040	-0.0017	
    22.6	519.1557	 0.0717	 0.0045	 518.9334	 0.0133	
    22.7	519.1569	 0.0717	 0.0045	 518.8982	 0.0100	
    22.8	519.1577	 0.0720	 0.0046	 518.9136	 0.0155	
    22.9	519.1598	 0.0728	 0.0046	 518.9580	 0.0191	
    23.0	519.1610	 0.0732	 0.0046	 518.8657	 0.0127	
    23.1	519.1610	 0.0724	 0.0047	 518.8955	 0.0115	
    23.2	519.1615	 0.0718	 0.0048	 518.9105	 0.0032	
    23.3	519.1625	 0.0710	 0.0048	 518.9403	-0.0033	
    23.4	519.1643	 0.0699	 0.0049	 518.9997	 0.0068	
    23.5	519.1663	 0.0694	 0.0049	 518.9375	 0.0030	
    23.6	519.1673	 0.0687	 0.0049	 518.9375	 0.0055	
    23.7	519.1686	 0.0685	 0.0050	 518.9673	 0.0138	
    23.8	519.1706	 0.0684	 0.0050	 519.0124	 0.0055	
    23.9	519.1727	 0.0676	 0.0051	 518.9621	 0.0032	
    24.0	519.1741	 0.0670	 0.0051	 518.9768	 0.0132	
    24.1	519.1759	 0.0670	 0.0051	 518.9768	 0.0090	
    24.2	519.1778	 0.0665	 0.0052	 519.0066	 0.0091	
    24.3	519.1791	 0.0665	 0.0052	 518.9440	 0.0150	
    24.4	519.1801	 0.0669	 0.0053	 518.9440	 0.0150	
    24.5	519.1810	 0.0664	 0.0053	 518.9741	 0.0036	
    24.6	519.1823	 0.0661	 0.0054	 518.9741	 0.0153	
    24.7	519.1837	 0.0661	 0.0054	 518.9741	 0.0041	
    24.8	519.1850	 0.0655	 0.0054	 518.9741	 0.0087	
    24.9	519.1860	 0.0651	 0.0055	 518.9242	 0.0006	
