Tempo (ms)		Leitura
0		-0.467812
25		-0.271706
50		-0.167030
75		-0.137428
100		-0.122658
125		-0.110451
150		-0.125282
175		-0.244179
200		-0.122658
225		-0.438210
250		-0.249489
275		-0.119972
300		-0.137428
325		-0.208778
350		-0.327736
375		-0.114174
400		-0.269081
425		-0.233131
450		-0.211464
475		-0.368935
500		-0.339333
525		-0.199806
550		-0.332985
575		-0.527565
600		-0.318764
625		-0.110451
650		-0.458839
675		-0.506386
700		-0.541298
725		-0.413918
750		-0.332985
775		-0.500038
800		-0.800819
825		-0.782326
850		-0.800819
875		-0.740578
900		-0.940346
925		-0.840980
950		-0.770668
975		-0.796608
1000		-0.746376
1025		-0.910255
1050		-0.991127
1075		-0.728432
1100		-0.574074
1125		-0.604164
1150		-0.543922
1175		-0.475197
1200		-0.668129
1225		-0.891762
1250		-0.912331
1275		-0.870583
1300		-0.543922
1325		-0.811928
1350		-0.528603
1375		-0.528603
1400		-0.811928
1425		-0.507973
1450		-0.478371
1475		-0.306068
1500		-0.472572
1525		-0.246864
1550		-0.306068
1575		-0.409645
1600		-0.753273
1625		-0.461464
1650		-0.401710
1675		-0.342018
1700		-0.208778
1725		-0.137428
1750		-0.137428
1775		-0.473122
1800		-0.241554
1825		-0.274330
1850		-0.378456
1875		-0.449318
1900		-0.211464
1925		-0.226234
1950		-0.114174
1975		-0.178688
2000		-0.149086
2025		-0.059730
2050		0.000023
2075		-0.107277
2100		-0.420204
2125		-0.330360
2150		-0.509560
2175		-0.417091
2200		-0.461464
2225		-0.337257
2250		-0.358376
2275		-0.441383
2300		-0.322426
2325		-0.164894
2350		-0.174416
2375		-0.103615
2400		0.015343
2425		-0.183937
2450		-0.241066
2475		-0.345680
2500		-0.271706
2525		0.070335
2550		-0.107277
2575		0.002647
2600		-0.145912
2625		0.156456
2650		-0.069252
2675		-0.200355
2700		0.207237
2725		0.227318
2750		0.182396
2775		0.028038
2800		0.044945
2825		0.024315
2850		-0.074501
2875		-0.097755
2900		-0.074501
2925		0.035423
2950		0.082481
2975		-0.137428
3000		-0.196632
3025		-0.137428
3050		-0.148537
3075		-0.300270
3100		-0.089882
3125		-0.217751
3150		-0.024330
3175		-0.152748
3200		-0.063942
3225		-0.237892
3250		-0.167580
3275		-0.108376
3300		-0.033791
3325		-0.182899
3350		-0.247902
3375		-0.301796
3400		-0.316627
3425		-0.346230
3450		-0.206154
3475		-0.096718
3500		-0.220924
3525		-0.281227
3550		-0.036964
3575		-0.119972
3600		-0.290199
3625		-0.108376
3650		-0.242104
3675		-0.048622
3700		-0.207191
3725		-0.323524
3750		-0.180763
3775		-0.209877
3800		-0.370522
3825		-0.407021
3850		-0.574074
3875		-0.389015
3900		-0.576698
3925		-0.675514
3950		-0.600990
3975		-0.288612
4000		-0.422890
4025		-0.532814
4050		-0.535439
4075		-0.149086
4100		-0.363136
4125		-0.154884
4150		-0.208290
4175		-0.338844
4200		-0.312416
4225		-0.056007
4250		-0.378456
4275		-0.318214
4300		-0.451942
4325		-0.495827
4350		-0.505348
4375		-0.585670
4400		-0.457741
4425		-0.393288
4450		-0.342018
4475		-0.401710
4500		-0.031166
4525		-0.197670
4550		-0.360512
4575		-0.180275
4600		-0.215675
4625		-0.215675
4650		0.012718
4675		-0.367348
4700		-0.106239
4725		-0.225197
4750		-0.344093
4775		-0.383217
4800		-0.335670
4825		-0.383217
4850		-0.344093
4875		-0.246315
4900		-0.285439
4925		-0.064980
4950		-0.011085
4975		0.119469
5000		0.166527
5025		0.259056
5050		0.107323
5075		0.122154
5100		0.109947
5125		0.119469
5150		-0.104652
5175		-0.140053
5200		-0.018471
5225		-0.211464
5250		-0.161720
5275		-0.236305
5300		-0.217751
5325		-0.241554
5350		0.049706
5375		-0.190834
5400		-0.012672
5425		-0.140053
5450		-0.003700
5475		-0.077187
5500		-0.294960
5525		-0.271156
5550		-0.057106
5575		-0.236305
5600		0.026451
5625		-0.024330
5650		-0.217751
5675		0.029076
5700		-0.247902
5725		-0.018471
5750		0.095177
5775		0.204063
5800		-0.078224
5825		0.275414
5850		0.052330
5875		0.144859
5900		-0.102028
5925		0.067650
5950		0.002098
5975		0.245323
6000		0.115257
6025		0.201439
6050		0.328819
6075		0.097801
6100		0.179771
6125		0.151207
6150		-0.043312
6175		-0.073463
6200		-0.132118
6225		-0.099342
6250		-0.013222
6275		-0.013222
6300		0.085106
6325		-0.094093
6350		-0.111000
6375		0.016930
6400		0.016930
6425		0.237389
6450		-0.015846
6475		0.067650
6500		-0.031166
6525		0.148033
6550		0.196129
6575		0.082481
6600		0.088280
6625		-0.071876
6650		0.254784
6675		-0.167580
6700		-0.074501
6725		-0.158058
6750		-0.027504
6775		-0.098854
6800		-0.003700
6825		-0.089882
6850		-0.179176
6875		0.020653
6900		0.183983
6925		0.168663
6950		0.293907
6975		-0.057106
7000		0.077171
7025		0.144859
7050		0.198753
7075		0.032249
7100		0.214134
7125		0.244225
7150		0.278587
7175		0.248985
7200		0.115257
7225		0.340965
7250		0.468895
7275		0.522850
7300		0.427147
7325		0.457298
7350		0.171288
7375		0.014305
7400		0.261131
7425		0.290245
7450		0.196129
7475		0.171288
7500		0.159142
7525		0.320335
7550		0.240013
7575		0.245323
7600		0.388023
7625		0.293907
7650		0.248985
7675		0.261131
7700		0.174461
7725		0.263817
7750		0.085106
7775		0.112083
7800		0.240013
7825		0.052330
7850		0.388023
7875		0.298668
7900		0.212547
7925		0.358971
7950		0.183983
7975		0.445091
8000		0.326195
8025		0.424522
8050		0.415001
8075		0.554527
8100		0.317162
8125		0.357384
8150		0.093590
8175		0.272240
8200		0.441429
8225		0.485802
8250		0.694115
8275		0.571983
8300		0.527061
8325		0.426109
8350		0.646019
8375		0.453026
8400		0.506432
8425		0.554039
8450		0.449852
8475		0.554039
8500		0.795067
8525		0.806725
8550		0.661339
8575		0.914024
8600		0.628563
8625		0.476280
8650		0.833702
8675		0.663963
8700		0.803551
8725		0.654442
8750		0.352074
8775		0.263268
8800		0.663963
8825		0.557213
8850		0.833702
8875		0.795067
8900		0.719994
8925		0.780296
8950		0.770775
8975		0.661339
9000		0.517540
9025		0.895531
9050		0.699425
9075		0.565636
9100		0.747520
9125		0.663963
9150		0.509056
9175		0.633873
9200		0.871727
9225		0.666649
9250		0.866478
9275		0.725853
9300		0.895531
9325		0.818321
9350		0.848473
9375		0.862755
9400		0.494286
9425		0.654442
9450		0.818321
9475		0.592613
9500		0.892906
9525		1.006004
9550		0.731651
9575		0.796654
9600		0.479454
9625		0.877037
9650		0.808861
9675		0.484764
9700		0.570946
9725		0.722679
9750		0.599999
9775		0.737450
9800		0.713646
9825		0.737450
9850		0.510643
9875		0.608971
9900		0.852684
9925		0.817833
9950		0.847984
9975		0.897667
10000		0.885460
10025		0.868553
10050		0.722679
10075		0.734276
10100		0.615318
10125		0.525475
10150		0.666100
10175		0.472618
10200		1.135582
10225		0.763878
10250		0.713646
10275		0.302940
10300		0.317711
10325		0.451988
10350		0.858543
10375		0.629601
10400		0.680382
10425		0.669273
10450		0.482140
10475		0.555626
10500		0.620628
10525		0.570946
10550		0.591576
10575		0.776085
10600		0.811485
10625		0.653404
10650		0.445091
10675		0.796654
10700		0.594200
10725		0.731102
10750		0.356285
10775		0.900291
10800		0.811485
10825		0.858543
10850		0.538170
10875		0.855858
10900		1.022423
10925		0.751183
10950		0.929894
10975		0.983849
11000		0.906090
11025		1.118126
11050		1.100121
11075		0.844261
11100		1.011314
11125		0.794029
11150		1.022423
11175		0.983849
11200		1.234398
11225		1.115440
11250		0.829430
11275		1.087975
11300		0.794029
11325		0.873314
11350		0.760704
11375		0.776085
11400		0.974327
11425		0.745934
11450		0.804588
11475		1.034569
11500		0.870140
11525		1.183128
11550		0.870140
11575		0.980675
11600		1.247643
11625		1.034569
11650		1.137657
11675		1.206932
11700		1.197411
11725		1.270897
11750		1.158836
11775		1.293114
11800		1.141380
11825		1.022423
11850		0.857994
11875		1.045677
11900		0.966393
11925		1.081078
11950		1.051476
11975		1.438499
12000		1.379295
12025		1.551659
12050		1.176781
12075		1.251305
12100		1.355492
12125		1.589684
12150		1.265587
12175		1.280968
12200		1.426842
12225		1.412071
12250		1.455956
12275		1.227562
12300		0.969017
12325		0.817284
12350		1.087975
12375		1.420006
12400		1.132408
12425		1.212181
12450		0.969017
12475		1.295738
12500		1.399925
12525		1.087975
12550		1.162010
12575		1.311058
12600		1.257652
12625		1.272484
12650		1.174156
12675		1.251305
12700		1.034020
12725		0.923546
12750		0.701012
12775		1.289391
12800		0.918297
12825		1.007103
12850		0.976952
12875		0.783958
12900		0.918297
12925		0.798790
12950		1.084251
12975		1.099632
13000		0.896568
13025		1.075829
13050		0.852196
13075		0.976952
13100		0.748009
13125		1.277245
13150		0.584679
13175		0.726891
13200		1.001244
13225		0.849022
13250		0.643883
13275		0.769188
13300		0.867516
13325		0.762840
13350		0.569359
13375		0.685143
13400		0.873314
13425		0.718407
13450		0.997582
13475		0.797752
13500		0.982750
13525		0.992271
13550		0.932030
13575		0.837364
13600		0.679832
13625		0.878624
13650		0.827843
13675		0.881798
13700		1.304222
13725		0.664513
13750		0.867516
13775		0.724266
13800		0.664513
13825		0.896568
13850		0.970055
13875		1.000206
13900		0.881249
13925		0.688316
13950		0.584679
13975		0.774498
14000		1.063133
14025		1.187889
14050		1.235497
14075		1.270897
14100		1.256065
14125		1.211144
14150		1.012901
14175		1.108604
14200		1.104332
14225		1.024010
14250		0.714745
14275		0.939964
14300		0.732201
14325		0.839500
14350		1.029808
14375		0.890770
14400		0.824669
14425		1.018211
14450		1.032982
14475		1.137108
14500		1.048302
14525		1.167259
14550		1.027184
14575		1.077415
14600		1.265587
14625		1.339623
14650		1.205345
14675		1.360802
14700		1.256065
14725		1.063133
14750		0.685143
14775		0.970055
14800		1.000206
14825		0.911400
14850		0.854820
14875		0.925682
14900		0.972740
14925		0.952660
14950		0.997032
14975		1.104332
15000		1.104332
15025		1.035606
15050		1.166771
15075		1.314781
15100		1.330101
15125		1.412560
15150		1.433739
15175		1.449059
15200		1.115990
15225		1.032982
15250		1.264549
15275		1.258751
15300		1.279381
15325		1.279381
15350		1.219627
15375		1.219627
15400		1.137108
15425		1.166771
15450		1.180992
15475		1.092186
15500		1.002831
15525		0.883934
15550		1.002831
15575		1.270348
15600		1.225975
15625		1.186852
15650		1.360252
15675		1.386131
15700		1.356041
15725		1.136620
15750		1.409386
15775		1.335411
15800		1.395165
15825		1.341759
15850		1.013939
15875		0.815697
15900		0.979088
15925		1.272484
15950		0.939964
15975		1.156700
16000		1.335411
16025		1.213768
16050		1.260826
16075		1.094872
16100		1.201622
16125		1.219627
16150		1.273033
16175		1.308983
16200		1.447472
16225		1.481285
16250		1.067345
16275		1.180992
16300		1.254478
16325		1.412071
16350		1.168358
16375		1.388817
16400		1.219078
16425		1.219078
16450		1.234398
16475		1.328514
16500		1.347008
16525		1.258202
16550		1.293114
16575		1.344383
16600		1.323265
16625		1.287804
16650		1.287804
16675		1.254478
16700		1.383507
16725		1.123924
16750		1.240257
16775		1.210106
16800		1.213768
16825		1.347008
16850		1.329063
16875		1.377159
16900		1.418907
16925		1.347008
16950		1.159874
16975		1.076866
17000		1.188927
17025		1.655235
17050		1.388817
17075		1.358665
17100		1.442162
17125		1.365013
17150		1.403587
17175		1.596581
17200		1.501427
17225		1.388817
17250		1.397789
17275		1.323265
17300		1.412071
17325		1.507774
17350		1.477623
17375		1.449059
17400		1.409386
17425		1.587608
17450		1.350731
17475		1.685387
17500		1.463341
17525		1.373985
17550		1.626732
17575		1.745140
17600		1.775291
17625		1.537865
17650		1.765770
17675		1.685387
17700		1.620384
17725		1.656334
17750		1.631981
17775		1.487145
17800		1.692284
17825		1.581749
17850		1.552147
17875		1.603416
17900		1.516747
17925		1.617210
17950		1.665306
17975		1.631981
18000		1.864098
18025		1.903221
18050		2.013207
18075		1.790062
18100		1.710228
18125		1.736168
18150		1.790062
18175		1.680077
18200		1.680077
18225		1.974083
18250		1.945519
18275		1.855125
18300		1.721336
18325		1.810143
18350		1.885277
18375		1.826561
18400		1.989403
18425		1.914879
18450		2.182396
18475		2.153282
18500		2.033836
18525		2.268578
18550		1.980431
18575		2.138512
18600		2.069786
18625		2.301353
18650		2.470543
18675		2.134300
18700		2.104637
18725		2.001061
18750		2.271202
18775		2.078209
18800		2.090416
18825		2.182396
18850		2.215172
18875		2.211998
18900		2.551476
18925		1.941307
18950		2.033836
18975		2.260094
19000		2.200340
19025		2.141136
19050		2.426109
19075		2.491173
19100		2.274925
19125		2.337303
19150		2.485863
19175		2.397057
19200		2.541954
19225		2.432457
19250		2.381737
19275		2.006859
19300		2.099937
19325		2.357933
19350		2.268578
19375		2.169701
19400		2.209374
19425		2.321434
19450		2.381737
19475		2.220970
19500		2.137474
19525		2.125816
19550		2.360069
19575		1.976707
19600		2.295006
19625		2.003136
19650		2.345787
19675		2.206200
19700		2.301353
19725		2.211998
19750		2.318810
19775		2.303978
19800		2.511803
19825		2.467369
19850		2.446251
19875		2.429283
19900		2.399681
19925		2.565758
19950		2.407616
19975		2.343102
20000		2.253258
20025		2.176048
20050		2.271202
20075		2.425621
20100		2.463707
20125		2.271202
20150		2.425621
20175		2.654015
20200		2.811607
20225		2.711693
20250		2.309288
20275		2.640282
20300		2.453087
20325		2.562584
20350		2.430870
20375		2.556725
20400		2.710594
20425		2.422997
20450		2.673058
20475		2.716942
20500		2.303978
20525		2.577354
20550		2.567833
20575		2.493797
20600		2.339439
20625		2.420311
20650		2.541954
20675		2.583153
20700		2.746544
20725		2.651390
20750		2.532433
20775		2.792015
20800		2.567833
20825		2.797874
20850		2.732262
20875		2.940086
20900		2.805809
20925		2.775658
20950		2.830101
20975		2.884056
21000		2.758751
21025		2.734947
21050		2.761925
21075		2.624413
21100		2.684166
21125		2.970238
21150		3.017845
21175		3.089195
21200		3.089195
21225		3.097130
21250		2.987694
21275		3.157433
21300		2.898827
21325		3.106651
21350		3.231468
21375		2.924767
21400		3.207665
21425		3.147911
21450		3.091881
21475		3.106651
21500		3.104027
21525		3.089195
21550		2.866051
21575		2.868736
21600		3.270592
21625		3.014671
21650		3.017845
21675		3.091881
21700		3.061729
21725		3.439293
21750		3.558250
21775		3.266869
21800		3.240990
21825		3.375267
21850		2.972862
21875		3.255760
21900		3.129906
21925		3.335594
21950		3.371056
21975		3.284874
22000		3.403832
22025		3.371056
22050		3.433983
22075		3.394859
22100		3.355736
22125		3.206566
22150		2.949059
22175		3.192833
22200		2.990868
22225		2.940086
22250		2.851280
22275		3.124657
22300		3.139977
22325		3.124657
22350		3.353050
22375		3.288048
22400		3.192833
22425		3.163231
22450		3.043724
22475		3.175377
22500		3.302330
22525		3.239403
22550		3.147911
22575		3.424461
22600		3.430260
22625		3.325584
22650		3.355736
22675		3.362083
22700		3.266869
22725		3.327171
22750		3.325584
22775		3.171715
22800		3.206566
22825		3.246239
22850		3.403832
22875		3.469383
22900		3.490013
22925		3.389549
22950		3.459862
22975		3.380028
23000		3.276390
23025		3.180687
23050		3.106651
23075		3.401207
23100		3.415978
23125		3.325584
23150		3.282188
23175		3.347801
23200		3.213463
23225		3.353050
23250		3.249413
23275		3.317650
23300		3.213463
23325		3.555626
23350		3.421288
23375		3.466759
23400		3.606346
23425		3.109825
23450		3.436607
23475		3.541344
23500		3.641808
23525		3.392723
23550		3.496910
23575		3.537621
23600		3.463036
23625		3.451439
23650		3.516441
23675		3.507469
23700		3.679894
23725		3.787743
23750		3.697838
23775		3.609032
23800		3.679894
23825		3.906761
23850		3.719017
23875		3.609032
23900		3.674583
23925		3.704735
23950		3.807823
23975		3.734337
24000		3.600548
24025		3.674583
24050		3.897728
24075		3.906761
24100		3.793541
24125		4.016747
24150		3.951134
24175		3.653954
24200		3.778770
24225		3.867577
24250		3.772911
24275		3.769249
24300		3.859154
24325		3.588402
24350		3.918358
24375		3.811546
24400		3.751244
24425		3.602684
24450		3.888207
24475		3.891380
24500		3.935814
24525		4.212425
24550		3.983971
24575		3.939537
24600		3.814171
24625		4.040001
24650		3.849632
24675		4.132530
24700		3.983971
24725		4.019371
24750		4.147362
24775		4.171165
24800		3.915184
24825		3.944786
24850		3.784569
24875		3.766075
24900		3.862328
24925		4.075401
24950		4.111900
24975		4.021996
25000		4.019371
25025		4.021996
25050		4.067467
25075		4.126183
25100		4.093407
25125		4.382164
25150		4.379540
25175		4.275353
25200		4.156334
25225		4.259972
25250		3.948509
25275		4.259972
25300		4.412315
25325		4.236717
25350		4.212425
25375		4.583641
25400		4.483177
25425		4.123558
25450		4.364159
25475		4.149986
25500		4.111900
25525		4.307579
25550		4.531273
25575		4.427086
25600		4.322899
25625		4.357811
25650		4.581505
25675		4.247826
25700		4.536583
25725		4.372643
25750		4.180687
25775		4.394310
25800		4.503807
25825		4.340355
25850		4.269005
25875		4.250450
25900		4.373192
25925		4.468346
25950		4.215050
25975		4.001366
26000		4.141014
26025		3.933189
26050		3.956444
26075		4.180138
26100		3.956444
26125		4.120934
26150		3.968590
26175		4.096031
26200		3.971764
26225		4.215050
26250		4.110863
26275		4.037376
26300		4.186485
26325		4.251549
26350		4.207115
26375		4.320274
26400		4.356224
26425		4.394310
26450		4.141014
26475		4.340904
26500		4.379540
26525		4.290123
26550		4.058495
26575		4.072777
26600		3.993431
26625		4.242516
26650		4.082298
26675		4.290123
26700		4.082298
26725		4.171165
26750		4.011436
26775		4.270042
26800		4.198143
26825		4.337730
26850		4.257347
26875		4.367882
26900		4.277977
26925		4.427086
26950		4.198143
26975		4.281700
27000		4.100304
27025		4.040001
27050		4.513329
27075		4.147850
27100		4.201317
27125		4.180687
27150		4.014061
27175		3.954308
27200		3.883446
27225		3.918907
27250		3.987083
27275		3.814720
27300		4.084923
27325		3.948509
27350		3.922081
27375		3.891930
27400		3.907249
27425		3.996117
27450		4.067467
27475		4.067467
27500		4.046898
27525		3.942711
27550		3.984459
27575		4.014061
27600		3.785606
27625		3.970177
27650		3.895103
27675		4.459923
27700		4.028893
27725		4.008263
27750		3.752831
27775		3.841698
27800		3.895103
27825		3.767113
27850		3.918907
27875		3.859154
27900		3.865990
27925		3.821068
27950		3.673546
27975		3.613243
28000		3.782982
28025		3.877098
28050		3.725365
28075		3.922081
28100		3.805748
28125		3.945335
28150		4.064293
28175		4.079674
28200		3.881371
28225		3.788292
28250		3.491112
28275		3.499535
28300		3.871849
28325		3.805748
28350		3.830589
28375		3.681480
28400		3.770287
28425		3.655540
28450		3.788292
28475		3.779259
28500		3.839073
28525		3.985008
28550		3.607445
28575		3.693626
28600		3.868675
28625		3.972862
28650		4.032616
28675		3.716881
28700		3.735374
28725		3.693626
28750		3.883995
28775		3.622765
28800		3.622765
28825		3.807335
28850		3.835899
28875		3.881371
28900		3.822655
28925		3.842735
28950		3.848534
28975		3.788780
29000		3.759728
29025		3.865990
29050		3.812584
29075		3.812584
29100		4.124596
29125		3.923119
29150		3.967552
29175		3.827965
29200		3.695213
29225		3.878685
29250		3.486351
29275		3.292809
29300		3.260033
29325		2.933189
29350		3.055382
29375		2.835899
29400		2.776695
29425		2.752403
29450		2.945396
29475		3.094505
29500		3.454613
29525		3.049522
29550		3.185997
29575		3.831139
29600		3.587853
29625		3.227745
29650		3.492699
29675		3.064354
29700		3.388512
29725		3.091881
29750		3.059044
29775		3.192345
29800		3.774498
29825		4.090782
29850		3.979698
29875		3.908836
29900		3.763451
29925		3.852257
29950		4.039452
29975		4.232994
30000		4.128319
30025		4.039452
30050		4.116661
30075		3.712120
30100		3.762901
30125		3.528099
30150		3.275841
30175		3.380028
30200		3.156883
30225		2.880333
30250		2.909935
30275		2.901512
30300		2.732262
30325		2.702171
30350		2.740746
30375		2.838585
30400		3.005638
30425		2.630760
30450		2.448875
30475		2.532921
30500		2.577354
30525		2.404991
30550		2.506493
30575		2.434593
30600		2.336754
30625		2.397057
30650		2.654564
30675		2.346275
30700		2.247948
30725		2.153282
30750		2.223656
30775		2.054955
30800		2.268578
30825		2.247948
30850		2.406029
30875		2.495384
30900		2.509666
30925		2.595360
30950		2.432457
30975		2.792015
31000		2.812645
31025		2.877159
31050		2.910484
31075		2.628136
31100		2.551476
31125		2.565758
31150		2.669334
31175		2.743919
31200		2.372215
31225		2.581566
31250		2.577354
31275		2.417686
31300		2.507042
31325		2.451012
31350		2.474754
31375		2.246361
31400		2.275963
31425		2.112572
31450		2.310875
31475		2.557823
31500		2.795738
31525		2.563622
31550		2.483788
31575		2.721153
31600		2.454186
31625		2.346275
31650		2.503868
31675		2.260643
31700		2.097252
31725		2.302391
31750		2.632347
31775		2.528160
31800		2.400230
31825		2.543541
31850		2.424034
31875		2.468956
31900		2.409203
31925		2.459984
31950		2.606468
31975		2.503868
32000		2.325707
32025		2.439354
32050		2.175499
32075		2.219933
32100		2.225243
32125		2.234215
32150		2.100975
32175		2.269615
32200		2.160179
32225		2.248985
32250		2.344200
32275		1.948692
32300		2.189781
32325		2.231590
32350		1.993126
32375		1.955040
32400		2.171288
32425		2.132713
32450		2.296593
32475		2.109398
32500		2.439354
32525		2.275963
32550		2.647179
32575		2.435631
32600		2.557823
32625		2.688377
32650		2.944298
32675		2.788841
32700		2.667259
32725		2.599571
32750		2.477440
32775		2.577354
32800		2.453087
32825		2.554100
32850		2.599571
32875		2.581078
32900		2.551476
32925		2.569420
32950		2.495384
32975		2.320396
33000		2.142235
33025		2.082481
33050		2.157005
33075		2.186119
33100		2.171288
33125		2.085655
33150		2.097252
33175		1.934410
33200		1.503502
33225		1.726646
33250		1.800682
33275		1.815453
33300		1.982018
33325		1.892662
33350		2.183434
33375		2.124779
33400		2.543541
33425		2.428246
33450		2.403954
33475		2.654015
33500		2.321434
33525		2.350548
33550		2.386498
33575		2.202477
33600		2.074547
33625		2.202477
33650		2.202477
33675		1.889977
33700		2.351585
33725		2.172325
33750		2.033287
33775		1.869408
33800		1.764671
33825		1.741417
33850		1.566429
33875		1.295738
33900		1.548973
33925		1.518822
33950		1.430016
33975		1.631981
34000		1.655235
34025		1.706017
34050		1.462791
34075		1.513023
34100		1.771568
34125		1.675865
34150		1.521996
34175		1.482872
34200		1.528343
34225		1.685387
34250		1.860924
34275		1.729820
34300		1.488731
34325		1.221703
34350		1.430016
34375		1.468102
34400		1.450096
34425		1.453819
34450		1.551659
34475		1.171532
34500		1.460167
34525		1.280968
34550		1.349693
34575		1.460167
34600		1.221703
34625		1.067345
34650		0.912987
34675		1.082176
34700		1.171532
34725		1.221703
34750		1.162499
34775		1.343834
34800		1.666893
34825		1.409386
34850		1.587059
34875		1.432701
34900		1.482872
34925		1.647301
34950		1.647301
34975		1.647301
35000		1.884178
35025		1.764671
35050		2.127403
35075		1.934410
35100		1.757286
35125		1.638329
35150		1.741417
35175		1.801720
35200		1.673790
35225		1.831322
35250		1.362328
35275		1.416283
35300		1.435875
35325		1.503502
35350		1.362328
35375		1.435875
35400		1.474999
35425		1.102745
35450		1.341759
35475		1.451195
35500		1.665306
35525		1.489769
35550		1.472313
35575		1.307884
35600		1.293114
35625		1.353355
35650		1.376610
35675		1.554832
35700		1.533653
35725		1.638329
35750		1.549522
35775		1.629356
35800		1.302635
35825		1.325890
35850		1.636253
35875		1.258751
35900		1.377708
35925		1.650475
35950		1.383507
35975		1.199547
36000		1.380333
36025		1.410484
36050		1.466515
36075		1.416283
36100		1.701805
36125		1.380333
36150		1.386681
36175		1.440575
36200		1.306847
36225		1.410484
36250		1.565392
36275		1.213768
36300		1.499840
36325		1.489769
36350		1.410484
36375		1.505089
36400		1.603416
36425		1.672203
36450		1.332726
36475		1.612450
36500		1.529442
36525		1.400963
36550		1.312157
36575		1.267723
36600		1.469688
36625		1.164635
36650		1.282005
36675		1.119164
36700		0.994896
36725		1.108604
36750		1.211693
36775		1.380333
36800		1.262413
36825		1.380333
36850		1.137108
36875		1.295189
36900		1.306847
36925		1.405174
36950		1.410484
36975		1.514610
37000		1.610313
37025		1.669029
37050		1.469688
37075		1.262413
37100		1.191063
37125		1.276695
37150		1.428429
37175		1.205345
37200		1.283592
37225		1.467552
37250		1.342796
37275		1.209557
37300		1.265587
37325		1.395653
37350		1.532616
37375		1.488182
37400		1.335899
37425		1.262413
37450		1.335899
37475		1.315819
37500		1.375023
37525		1.149315
37550		1.015526
37575		1.134483
37600		1.297325
37625		1.193199
37650		1.529442
37675		1.395653
37700		1.253441
37725		1.104332
37750		1.151939
37775		1.134483
37800		1.400963
37825		1.321678
37850		1.108604
37875		1.270897
37900		1.211693
37925		1.218040
37950		1.279869
37975		1.473412
38000		1.532616
38025		1.328514
38050		1.298363
38075		1.321678
38100		0.908775
38125		1.090599
38150		1.336998
38175		1.283592
38200		1.010765
38225		1.095909
38250		1.069969
38275		1.214867
38300		1.016075
38325		1.363915
38350		1.126061
38375		1.022972
38400		0.933067
38425		1.060509
38450		0.903465
38475		1.128685
38500		1.016075
38525		1.016075
38550		1.174156
38575		1.223839
38600		1.135033
38625		1.174156
38650		0.966393
38675		1.268272
38700		1.223839
38725		1.090599
38750		0.966393
38775		1.318993
38800		0.947899
38825		1.090599
38850		1.377708
38875		1.045677
38900		1.141380
38925		1.301048
38950		1.212181
38975		1.072655
39000		1.028221
39025		0.954735
39050		0.945763
39075		1.052574
39100		1.043541
39125		1.108604
39150		1.004417
39175		0.915611
39200		0.900291
39225		1.034569
39250		1.206932
39275		1.242332
39300		0.993309
39325		1.153526
39350		1.102745
39375		1.022972
39400		0.969017
39425		0.859581
39450		0.776085
39475		1.022972
39500		1.126061
39525		0.989647
39550		1.167809
39575		1.156151
39600		1.055748
39625		1.082176
39650		1.141869
39675		1.040916
39700		1.237083
39725		1.325890
39750		0.895531
39775		1.183678
39800		1.123924
39825		1.070519
39850		1.282005
39875		1.130272
39900		1.269859
39925		1.151939
39950		1.044090
39975		0.862755
40000		1.107018
40025		1.107018
40050		0.914024
40075		1.180992
40100		1.047264
40125		1.241295
40150		1.190514
40175		1.264549
40200		1.255577
40225		1.130821
40250		1.269859
40275		1.374535
40300		0.908226
40325		1.184715
40350		1.365501
40375		1.139793
40400		1.228600
40425		0.937279
40450		1.202721
40475		1.139793
40500		1.018211
40525		1.047264
40550		1.155113
40575		0.854820
40600		0.521751
40625		0.674034
40650		1.048302
40675		0.944176
40700		0.855370
40725		0.915123
40750		0.771812
40775		0.549767
40800		0.985436
40825		0.762840
40850		0.825218
40875		0.762840
40900		0.852196
40925		0.881798
40950		1.025047
40975		1.207970
41000		0.852196
41025		0.950523
41050		0.867516
41075		0.807274
41100		1.039330
41125		0.985436
41150		1.207970
41175		1.093285
41200		0.994896
41225		1.182091
41250		1.172569
41275		0.911400
41300		0.941551
41325		0.985436
41350		0.936241
41375		1.039330
41400		0.840538
41425		0.926720
41450		0.929344
41475		1.025047
41500		1.078453
41525		0.989647
41550		0.708946
41575		0.724266
41600		1.178917
41625		0.810448
41650		0.991234
41675		0.852196
41700		0.650230
41725		1.104332
41750		1.034020
41775		0.867516
41800		0.584679
41825		0.885460
41850		0.677696
41875		0.727928
41900		0.490074
41925		0.787132
41950		0.629601
41975		0.808861
42000		0.490074
42025		0.844261
42050		0.808861
42075		0.881798
42100		1.134483
42125		1.027672
42150		1.075829
42175		0.808861
42200		0.792442
42225		0.792442
42250		0.624352
42275		0.882835
42300		0.505394
42325		0.718407
42350		0.896568
42375		1.022423
42400		1.001793
42425		0.912987
42450		1.001793
42475		0.822594
42500		0.659752
42525		1.016624
42550		0.875999
42575		0.971153
42600		1.037193
42625		1.022423
42650		0.918297
42675		0.674583
42700		0.894493
42725		1.120750
42750		0.986473
42775		1.081627
42800		1.191612
42825		0.783958
42850		0.836327
42875		0.636498
42900		0.622215
42925		0.711571
42950		0.524437
42975		0.670860
43000		0.477379
43025		0.566734
43050		0.498497
43075		0.836876
43100		0.718407
43125		0.855370
43150		0.566734
43175		0.617455
43200		0.573570
43225		0.697838
43250		0.608971
43275		0.771812
43300		0.371117
43325		0.377953
43350		0.585716
43375		0.511192
43400		0.659752
43425		0.669273
43450		0.832115
43475		0.585716
43500		0.674583
43525		0.654442
43550		0.832115
43575		0.846886
43600		0.769737
43625		0.846886
43650		0.852684
43675		0.846886
43700		0.941551
43725		0.972191
43750		0.764977
43775		0.823631
43800		0.906090
43825		0.659752
43850		0.550316
43875		0.624352
43900		0.608971
43925		0.882835
43950		0.689903
43975		0.734825
44000		0.592613
44025		0.904503
44050		0.717369
44075		0.562462
44100		0.734825
44125		0.458885
44150		0.497459
44175		0.729515
44200		0.747520
44225		0.629112
44250		1.053612
44275		0.753319
44300		0.816246
44325		0.683006
44350		0.929344
44375		0.715782
44400		0.857445
44425		0.679832
44450		0.643333
44475		1.012901
44500		0.982750
44525		0.786095
44550		0.925682
44575		0.679832
44600		0.650230
44625		0.712608
44650		0.870140
44675		0.923546
44700		1.032982
44725		1.101707
44750		0.726891
44775		1.048302
44800		0.638084
44825		0.804588
44850		0.475243
44875		0.870140
44900		0.605309
44925		0.747520
44950		0.961082
44975		0.875999
45000		0.967979
45025		0.741722
45050		0.608482
45075		0.849022
45100		0.814110
45125		0.917748
45150		0.751183
45175		0.662926
45200		0.662926
45225		0.633873
45250		0.808311
45275		0.826805
45300		0.662926
45325		0.570946
45350		0.654442
45375		0.662926
45400		0.767601
45425		0.511192
45450		0.466820
45475		0.393333
45500		0.456200
45525		0.608971
45550		0.719505
45575		0.662926
45600		0.471031
45625		0.514915
45650		0.484764
45675		0.307152
45700		0.365807
45725		0.570946
45750		0.603722
45775		0.491112
45800		0.455162
45825		0.321922
45850		0.461510
45875		0.363182
45900		0.446190
45925		0.529686
45950		0.662926
45975		0.514915
46000		0.261681
46025		0.365807
46050		0.692528
46075		0.499596
46100		0.291283
46125		0.410728
46150		0.352074
46175		0.381676
46200		0.417076
46225		0.357384
46250		0.187645
46275		0.535545
46300		0.291832
46325		0.410728
46350		0.307152
46375		0.499596
46400		0.574120
46425		0.727928
46450		0.336754
46475		0.639122
46500		0.491112
46525		0.307152
46550		0.417076
46575		0.713646
46600		0.529686
46625		0.692528
46650		0.588402
46675		0.752281
46700		0.470482
46725		0.743309
46750		0.440880
46775		0.499046
46800		0.795616
46825		0.722679
46850		-0.130043
46875		0.068749
46900		0.291832
46925		0.455162
46950		0.217796
46975		0.491112
47000		0.187645
47025		0.482140
47050		0.585716
47075		0.401268
47100		0.484764
47125		0.461510
47150		0.541344
47175		0.408104
47200		0.273827
47225		0.447777
47250		0.476280
47275		0.417625
47300		0.387474
47325		0.357384
47350		0.387474
47375		0.224693
47400		0.284386
47425		0.215172
47450		0.394371
47475		0.459374
47500		-0.011635
47525		0.240013
47550		0.008995
47575		0.088280
47600		0.536583
47625		0.058189
47650		0.438805
47675		0.165978
47700		0.165978
47725		0.162804
47750		0.141136
47775		-0.074501
47800		0.097801
47825		0.147484
47850		-0.104652
47875		0.117882
47900		0.162804
47925		0.043358
47950		0.373741
47975		-0.036476
48000		-0.208778
48025		0.133202
48050		0.177086
48075		0.364220
48100		0.245323
48125		-0.066566
48150		0.353111
48175		-0.080360
48200		0.175011
48225		0.278587
48250		-0.113136
48275		-0.166481
48300		0.382713
48325		0.030113
48350		0.030113
48375		-0.059730
48400		-0.171791
48425		0.119469
48450		0.158043
48475		0.074547
48500		-0.014259
48525		0.422386
48550		0.493736
48575		0.289146
48600		0.051842
48625		0.300255
48650		0.096214
48675		0.289146
48700		0.096214
48725		0.244774
48750		0.003197
48775		0.226280
48800		0.300255
48825		-0.171242
48850		0.333580
48875		0.022240
48900		0.348351
48925		0.042809
48950		0.019066
48975		-0.045998
49000		-0.144325
49025		-0.141640
49050		0.152245
49075		-0.417091
49100		-0.188148
49125		-0.779152
49150		-0.262184
49175		-0.048622
49200		-0.390114
49225		-0.479408
49250		-0.627418
49275		0.010582
49300		-0.084022
49325		0.049706
49350		-0.025368
49375		0.079308
49400		0.048668
49425		0.033287
49450		0.033287
49475		0.137474
49500		-0.274330
49525		-0.246864
49550		-0.357887
49575		-0.402809
49600		-0.456154
49625		-0.610512
49650		-0.342506
49675		-0.476784
49700		-0.588844
49725		-0.374794
49750		-0.241554
49775		-0.381142
49800		-0.528603
49825		-0.618996
49850		-0.309730
49875		-0.256386
49900		0.034874
49925		-0.039650
49950		-0.113625
49975		0.128990
50000		-0.321388
50025		-0.202980
50050		-0.217751
50075		0.049706
50100		-0.161720
50125		0.203514
50150		0.075584
50175		0.010582
50200		0.070335
50225		0.049706
50250		-0.010536
50275		-0.010536
50300		-0.010536
50325		-0.188148
50350		0.197716
50375		-0.084022
50400		-0.248451
50425		-0.574074
50450		-0.352028
50475		-0.456154
50500		-0.381142
50525		-0.122658
50550		-0.535439
50575		-0.256386
50600		-0.033791
50625		-0.330360
50650		-0.271706
50675		-0.493690
50700		-0.390114
50725		-0.320839
50750		-0.264809
50775		-0.463600
50800		-0.532814
50825		-0.339333
50850		-0.500587
50875		-0.582497
50900		-0.350990
50925		-0.350990
50950		-0.321388
50975		-0.307106
51000		-0.182899
51025		-0.277504
51050		-0.292335
51075		-0.395912
51100		-0.217751
51125		-0.220924
51150		-0.004189
51175		-0.383766
51200		-0.439796
51225		-0.202980
51250		-0.507973
51275		-0.336708
51300		-0.365761
51325		-0.365761
51350		-0.428688
51375		-0.206154
51400		-0.306557
51425		-0.528603
51450		-0.493690
51475		-0.606850
51500		-0.680275
51525		-0.255836
51550		-0.455116
51575		-0.552895
51600		-0.374245
51625		-0.656532
51650		-0.419167
51675		-0.537025
51700		-0.492653
51725		-0.382179
51750		-0.332497
51775		-0.442421
51800		-0.189735
51825		-0.567177
51850		-0.605263
51875		-0.877968
51900		-0.516457
51925		-0.245766
51950		-0.316627
51975		-0.456703
52000		-0.245766
52025		-0.640663
52050		-0.397499
52075		-0.610512
52100		-0.382179
52125		-0.432899
52150		-0.546059
52175		-0.492653
52200		-0.599953
52225		-0.782875
52250		-0.477333
52275		-0.658607
52300		-0.634865
52325		-0.614235
52350		-0.450905
52375		-0.397499
52400		-0.299171
52425		-0.279091
52450		-0.628517
52475		-0.511147
52500		-0.465675
52525		-0.664955
52550		-0.700417
52575		-0.581459
52600		-0.649635
52625		-0.397499
52650		-0.554481
52675		-0.551857
52700		-0.614235
52725		-0.688759
52750		-0.688759
52775		-0.448219
52800		-0.614235
52825		-0.610512
52850		-0.658607
52875		-0.843117
52900		-0.851540
52925		-0.843117
52950		-0.448219
52975		-0.803444
53000		-0.595741
53025		-0.851540
53050		-0.397499
53075		-0.670265
53100		-0.625832
53125		-0.729958
53150		-0.792885
53175		-0.530739
53200		-0.975746
53225		-0.768593
53250		-0.539711
53275		-0.777565
53300		-0.450905
53325		-0.495827
53350		-0.599953
53375		-0.546547
53400		-0.670265
53425		-0.599953
53450		-0.747414
53475		-0.453529
53500		-0.625832
53525		-0.527565
53550		-0.337746
53575		-0.200355
53600		-0.477333
53625		-0.462501
53650		-0.465675
53675		-0.688759
53700		-0.610512
53725		-0.584633
53750		-0.495827
53775		-0.614235
53800		-0.569801
53825		-0.634865
53850		-0.530739
53875		-0.477333
53900		-0.525429
53925		-0.418129
53950		-0.718361
53975		-0.777565
54000		-0.744789
54025		-0.729958
54050		-0.833595
54075		-0.694069
54100		-0.661293
54125		-0.912880
54150		-1.103188
54175		-0.859474
54200		-0.740578
54225		-0.806129
54250		-0.835731
54275		-0.829384
54300		-0.874794
54325		-0.452980
54350		-0.764870
54375		-0.735268
54400		-0.912880
54425		-0.475197
54450		-0.770668
54475		-0.542335
54500		-0.379005
54525		-0.557655
54550		-0.800270
54575		-0.562965
54600		-0.416542
54625		-0.542335
54650		-0.616371
54675		-0.725746
54700		-0.844704
54725		-0.631142
54750		-0.814552
54775		-0.675514
54800		-0.681862
54825		-0.776527
54850		-0.527565
54875		-0.542335
54900		-0.444008
54925		-0.571938
54950		-0.577736
54975		-0.627968
55000		-0.449806
55025		-0.598366
55050		-0.793922
55075		-0.872169
55100		-0.856850
55125		-0.649086
55150		-0.634865
55175		-0.765419
55200		-0.912880
55225		-0.987404
55250		-0.806129
55275		-0.999062
55300		-1.022316
55325		-0.844704
55350		-0.719948
55375		-0.903358
55400		-0.805580
55425		-0.928200
55450		-0.954079
55475		-0.838356
55500		-1.017006
55525		-0.764870
55550		-0.889076
55575		-0.770668
55600		-0.868446
55625		-0.859474
55650		-0.764870
55675		-0.910255
55700		-0.681862
55725		-0.681862
55750		-0.527565
55775		-0.844704
55800		-0.838356
55825		-0.728432
55850		-0.865334
55875		-0.791298
55900		-0.668678
55925		-0.921303
55950		-0.761147
55975		-0.835182
56000		-0.793922
56025		-0.802406
56050		-0.728432
56075		-1.042885
56100		-0.746376
56125		-1.102638
56150		-0.994789
56175		-0.843117
56200		-0.769630
56225		-0.861061
56250		-0.880104
56275		-0.724159
56300		-1.054543
56325		-0.896461
56350		-1.096291
56375		-0.680275
56400		-0.822487
56425		-0.935585
56450		-0.822487
56475		-1.030739
56500		-0.970497
56525		-0.861061
56550		-0.570351
56575		-0.911842
56600		-0.911842
56625		-0.816689
56650		-0.980019
56675		-0.881691
56700		-0.609474
56725		-1.119545
56750		-0.665504
56775		-0.635353
56800		-0.561378
56825		-0.679787
56850		-0.787086
56875		-0.994789
56900		-0.902321
56925		-1.010109
56950		-0.858437
56975		-0.828285
57000		-0.769630
57025		-0.991127
57050		-0.802406
57075		-0.824623
57100		-0.587257
57125		-1.066139
57150		-0.854225
57175		-0.696693
57200		-0.978432
57225		-0.889626
57250		-0.785988
57275		-1.021217
57300		-0.962013
57325		-1.051369
57350		-0.931923
57375		-1.024391
57400		-1.098915
57425		-1.134315
57450		-1.306679
57475		-0.935585
57500		-1.110023
57525		-0.931923
57550		-0.780189
57575		-1.110023
57600		-1.100502
57625		-1.247475
57650		-0.919777
57675		-0.919777
57700		-1.275490
57725		-1.201454
57750		-0.928749
57775		-0.973122
57800		-1.260170
57825		-1.135902
57850		-1.150734
57875		-1.156532
57900		-1.017555
57925		-1.245338
57950		-1.106361
57975		-1.127480
58000		-1.196205
58025		-0.868996
58050		-1.106361
58075		-1.261757
58100		-1.232155
58125		-1.180885
58150		-1.066139
58175		-1.107399
58200		-1.110023
58225		-1.195106
58250		-1.100502
58275		-1.043434
58300		-1.203590
58325		-1.004860
58350		-1.306679
58375		-1.167091
58400		-1.075661
58425		-1.352089
58450		-1.222084
58475		-1.167091
58500		-1.247963
58525		-0.971535
58550		-1.292397
58575		-1.384865
58600		-1.369545
58625		-1.292397
58650		-1.147560
58675		-1.280739
58700		-1.150734
58725		-1.159218
58750		-1.403358
58775		-1.177162
58800		-1.061928
58825		-0.907082
58850		-1.002724
58875		-1.099464
58900		-1.117958
58925		-1.133278
58950		-1.085182
58975		-1.073036
59000		-1.019630
59025		-1.143837
59050		-1.396522
59075		-1.396522
59100		-1.399696
59125		-1.227394
59150		-1.064064
59175		-1.440895
59200		-1.326210
59225		-1.188759
59250		-1.277565
59275		-1.263344
59300		-1.263344
59325		-1.331520
59350		-1.478981
59375		-1.179787
59400		-1.149696
59425		-1.476295
59450		-1.461525
59475		-1.387001
59500		-1.499550
59525		-1.565102
59550		-1.217873
59575		-1.315102
59600		-1.309303
59625		-1.418678
59650		-1.398598
59675		-1.279701
59700		-1.180885
59725		-1.567238
59750		-1.531288
59775		-1.383278
59800		-1.466286
59825		-1.567787
59850		-1.552406
59875		-1.523354
59900		-1.538185
59925		-1.685646
59950		-1.657082
59975		-1.596840
60000		-1.492714
60025		-1.634865
60050		-1.546059
60075		-1.508034
60100		-1.864784
60125		-1.487404
60150		-1.383278
60175		-1.775978
60200		-1.389137
60225		-1.567787
60250		-1.710487
60275		-1.279701
60300		-1.317726
60325		-1.355812
60350		-1.403908
60375		-1.122169
60400		-1.192482
60425		-1.448280
60450		-1.531288
60475		-1.418678
60500		-1.418678
60525		-1.303505
60550		-1.117958
60575		-1.392311
60600		-1.285011
60625		-1.389137
60650		-1.285011
60675		-1.341042
60700		-1.537086
60725		-1.355812
60750		-1.267006
60775		-1.269630
60800		-1.252235
60825		-1.433510
60850		-1.332558
60875		-1.332558
60900		-1.254860
60925		-1.219948
60950		-1.368507
60975		-1.279701
61000		-1.101601
61025		-1.151772
61050		-1.299782
61075		-1.151772
61100		-1.362709
61125		-1.343666
61150		-1.228981
61175		-1.481056
61200		-1.107399
61225		-1.389137
61250		-1.044472
61275		-1.477882
61300		-1.389137
61325		-1.399696
61350		-1.355812
61375		-1.471046
61400		-1.100502
61425		-1.269630
61450		-1.196205
61475		-1.219460
61500		-1.100502
61525		-1.397011
61550		-1.385414
61575		-1.248512
61600		-1.358986
61625		-1.540810
61650		-1.403908
61675		-1.399696
61700		-1.257484
61725		-1.537086
61750		-1.326210
61775		-1.292885
61800		-1.471046
61825		-1.346291
61850		-1.465248
61875		-1.643349
61900		-1.597877
61925		-1.562477
61950		-1.702003
61975		-1.583595
62000		-1.488502
62025		-1.333595
62050		-1.511757
62075		-1.637001
62100		-1.429787
62125		-1.530251
62150		-1.341042
62175		-1.384865
62200		-1.391762
62225		-1.129616
62250		-1.375893
62275		-1.425575
62300		-1.296059
62325		-1.168678
62350		-1.191933
62375		-1.515968
62400		-1.429787
62425		-1.200417
62450		-1.396522
62475		-1.310890
62500		-1.471046
62525		-1.336769
62550		-1.352089
62575		-1.435646
62600		-1.198280
62625		-1.420265
62650		-1.212563
62675		-1.331520
62700		-1.301918
62725		-1.198280
62750		-1.331520
62775		-0.999062
62800		-0.984779
62825		-1.281288
62850		-1.198280
62875		-1.346291
62900		-1.331520
62925		-1.296059
62950		-1.200417
62975		-1.321999
63000		-1.362709
63025		-1.481605
63050		-1.467323
63075		-1.615883
63100		-1.559853
63125		-1.461525
63150		-1.396522
63175		-1.496925
63200		-1.607399
63225		-1.544472
63250		-1.471046
63275		-1.666603
63300		-1.689857
63325		-1.580421
63350		-1.576210
63375		-1.897560
63400		-1.710487
63425		-1.685646
63450		-1.783913
63475		-1.615334
63500		-1.540810
63525		-1.641212
63550		-1.585731
63575		-1.533913
63600		-1.669228
63625		-1.540810
63650		-1.491676
63675		-1.565102
63700		-1.669228
63725		-1.496925
63750		-1.621132
63775		-1.520180
63800		-1.446205
63825		-1.443031
63850		-1.505897
63875		-1.565102
63900		-1.491676
63925		-1.505897
63950		-1.576210
63975		-1.695106
64000		-1.608986
64025		-1.535011
64050		-1.645424
64075		-1.457802
64100		-1.912331
64125		-1.608986
64150		-1.695106
64175		-1.570900
64200		-1.650734
64225		-1.695106
64250		-1.713112
64275		-1.332558
64300		-1.280251
64325		-1.576210
64350		-1.718910
64375		-1.621132
64400		-1.853188
64425		-1.808754
64450		-1.461525
64475		-1.541359
64500		-1.527077
64525		-1.446205
64550		-1.639137
64575		-1.467323
64600		-1.472084
64625		-1.547646
64650		-1.853188
64675		-1.550331
64700		-1.550331
64725		-1.550331
64750		-1.481605
64775		-1.502235
64800		-1.443031
64825		-1.354225
64850		-1.147011
64875		-1.461525
64900		-1.215187
64925		-1.639137
64950		-1.309303
64975		-1.467323
65000		-1.615883
65025		-1.591042
65050		-1.601051
65075		-1.354225
65100		-1.505897
65125		-1.763344
65150		-1.576210
65175		-1.531837
65200		-1.466835
65225		-1.965736
65250		-1.689857
65275		-1.799232
65300		-1.641212
65325		-1.962013
65350		-1.808266
65375		-1.917091
65400		-1.852638
65425		-1.917091
65450		-1.908668
65475		-1.819862
65500		-1.893349
65525		-2.030251
65550		-1.882790
65575		-1.815651
65600		-1.819862
65625		-2.169777
65650		-1.882790
65675		-1.739540
65700		-1.659706
65725		-1.864235
65750		-1.626930
65775		-1.726845
65800		-1.843666
65825		-2.065651
65850		-1.799232
65875		-1.822487
65900		-2.140175
65925		-2.188271
65950		-2.056129
65975		-1.819862
66000		-1.765419
66025		-1.997475
66050		-1.819862
66075		-1.893349
66100		-1.923439
66125		-1.558266
66150		-1.815651
66175		-1.602089
66200		-1.756447
66225		-2.097877
66250		-1.893349
66275		-1.828346
66300		-2.065651
66325		-1.888039
66350		-1.986366
66375		-2.098427
66400		-2.051369
66425		-1.932472
66450		-1.843666
66475		-1.888039
66500		-1.763344
66525		-1.804543
66550		-1.962013
66575		-2.253273
66600		-2.125343
66625		-1.860573
66650		-1.882790
66675		-2.014870
66700		-2.053505
66725		-1.815651
66750		-1.647560
66775		-1.839394
66800		-1.913918
66825		-1.741676
66850		-1.978432
66875		-1.928749
66900		-2.112160
66925		-2.151222
66950		-2.121681
66975		-1.899147
67000		-2.142250
67025		-2.023354
67050		-2.106850
67075		-1.779701
67100		-1.964699
67125		-1.964699
67150		-2.053505
67175		-2.142250
67200		-2.076759
67225		-2.028664
67250		-2.165504
67275		-2.142250
67300		-2.335182
67325		-2.373207
67350		-2.191444
67375		-2.225258
67400		-1.934547
67425		-2.284462
67450		-2.032875
67475		-2.068275
67500		-1.958351
67525		-1.993202
67550		-1.949379
67575		-2.023354
67600		-1.997475
67625		-2.097877
67650		-1.997475
67675		-2.014870
67700		-1.815651
67725		-1.573036
67750		-2.056129
67775		-2.071449
67800		-1.730019
67825		-1.715736
67850		-1.852638
67875		-1.567238
67900		-1.715736
67925		-1.917091
67950		-1.864235
67975		-1.710487
68000		-1.897560
68025		-1.778664
68050		-1.769142
68075		-2.021767
68100		-1.937721
68125		-2.144936
68150		-1.982155
68175		-1.883827
68200		-1.875893
68225		-1.895424
68250		-1.919228
68275		-1.993202
68300		-1.881203
68325		-1.999550
68350		-2.061378
68375		-2.171852
68400		-2.231056
68425		-2.349464
68450		-2.254311
68475		-2.373207
68500		-2.200905
68525		-2.269630
68550		-2.046059
68575		-2.105263
68600		-2.165504
68625		-2.149635
68650		-2.209389
68675		-2.134865
68700		-2.224159
68725		-2.238441
68750		-2.328285
68775		-2.298195
68800		-2.372169
68825		-2.268043
68850		-2.182411
68875		-2.389626
68900		-2.223122
68925		-2.197243
68950		-2.226845
68975		-2.311928
69000		-2.286049
69025		-1.882790
69050		-2.113747
69075		-2.098427
69100		-2.090492
69125		-2.172890
69150		-2.172890
69175		-2.380104
69200		-2.276527
69225		-2.232643
69250		-2.202492
69275		-2.321449
69300		-2.505348
69325		-2.232643
69350		-2.283363
69375		-2.276527
69400		-2.246925
69425		-2.478920
69450		-2.128517
69475		-2.460976
69500		-2.158119
69525		-2.297646
69550		-2.138039
69575		-2.172890
69600		-2.311928
69625		-2.440346
69650		-2.231056
69675		-2.261696
69700		-2.187172
69725		-2.305580
69750		-2.231056
69775		-2.157570
69800		-2.151772
69825		-2.603126
69850		-2.395424
69875		-2.445656
69900		-2.276527
69925		-2.172401
69950		-2.305580
69975		-2.410194
70000		-2.290749
70025		-2.128517
70050		-2.381142
70075		-2.113747
70100		-2.286049
70125		-2.404945
70150		-2.499001
70175		-2.223122
70200		-2.455666
70225		-2.499001
70250		-2.463600
70275		-2.523842
70300		-2.208839
70325		-2.416542
70350		-2.440346
70375		-2.409157
70400		-2.454079
70425		-2.528053
70450		-2.293922
70475		-2.780678
70500		-2.329872
70525		-2.611061
70550		-2.623756
70575		-2.336220
70600		-2.208839
70625		-2.335182
70650		-2.261696
70675		-2.351540
70700		-2.365822
70725		-2.107887
70750		-2.015968
70775		-2.024940
70800		-2.307167
70825		-2.262794
70850		-2.389626
70875		-2.351540
70900		-2.312965
70925		-2.262794
70950		-2.149635
70975		-2.069862
71000		-2.209389
71025		-2.099464
71050		-2.054543
71075		-2.113747
71100		-2.212013
71125		-2.499001
71150		-2.167641
71175		-2.098427
71200		-2.401222
71225		-2.182411
71250		-2.276527
71275		-1.876930
71300		-1.934547
71325		-2.276527
71350		-2.237953
71375		-2.297646
71400		-2.395424
71425		-2.395424
71450		-2.216774
71475		-2.202492
71500		-2.232643
71525		-2.365272
71550		-2.127968
71575		-2.246925
71600		-2.077248
71625		-2.216774
71650		-2.032875
71675		-2.335182
71700		-2.410194
71725		-2.440346
71750		-2.477333
71775		-2.121681
71800		-2.240578
71825		-2.216286
71850		-2.156532
71875		-2.040260
71900		-2.307716
71925		-2.218361
71950		-2.049232
71975		-2.138039
72000		-1.983192
72025		-2.032875
72050		-1.799232
72075		-1.946205
72100		-2.153358
72125		-1.910805
72150		-1.762245
72175		-1.960426
72200		-2.124306
72225		-2.124306
72250		-2.359474
72275		-2.198830
72300		-2.442970
72325		-2.551857
72350		-2.685036
72375		-2.644325
72400		-2.846230
72425		-2.585121
72450		-2.644325
72475		-2.813454
72500		-2.382729
72525		-2.746864
72550		-2.701393
72575		-2.575661
72600		-2.784889
72625		-2.686623
72650		-2.568214
72675		-2.389626
72700		-2.829323
72725		-2.663368
72750		-2.361061
72775		-2.710915
72800		-2.455666
72825		-2.379005
72850		-2.548134
72875		-2.566139
72900		-2.473610
72925		-2.503212
72950		-2.633217
72975		-2.710915
73000		-2.508522
73025		-2.582497
73050		-2.627968
73075		-2.597816
73100		-2.258522
73125		-2.505348
73150		-2.582497
73175		-2.840919
73200		-2.775917
73225		-2.713051
73250		-2.603615
73275		-2.493690
73300		-2.477333
73325		-2.518532
73350		-2.529152
73375		-2.514870
73400		-2.389626
73425		-2.396461
73450		-2.445656
73475		-2.775917
73500		-2.534950
73525		-2.367958
73550		-2.486855
73575		-2.516945
73600		-2.258522
73625		-2.332558
73650		-2.332558
73675		-2.205177
73700		-2.374306
73725		-2.355751
73750		-2.317177
73775		-2.361061
73800		-2.212563
73825		-2.533363
73850		-2.577248
73875		-2.305031
73900		-2.296059
73925		-2.251686
73950		-2.379005
73975		-2.375893
74000		-2.272255
74025		-2.200905
74050		-2.482643
74075		-2.168190
74100		-2.088356
74125		-1.993202
74150		-2.184547
74175		-2.243751
74200		-2.480507
74225		-2.451454
74250		-2.302956
74275		-2.273354
74300		-2.421852
74325		-2.433449
74350		-2.228920
74375		-2.501625
74400		-2.362648
74425		-2.243751
74450		-2.492104
74475		-2.501625
74500		-2.377480
74525		-2.255897
74550		-2.575661
74575		-2.367958
74600		-2.293922
74625		-2.353676
74650		-2.407570
74675		-2.377480
74700		-2.516945
74725		-2.640663
74750		-2.332558
74775		-2.433449
74800		-2.359474
74825		-2.359474
74850		-2.299782
74875		-2.151772
74900		-2.199867
74925		-2.377480
74950		-2.125343
74975		-2.418678
